6 6 6 4 4 4 4 4 4 4 4 4 4 4 4 4 4 4 4 4 4 4 4 4 4 4 4 4 4 4 4 4 4 4 4 4 4 4 4 4 4 4 4 4 4 4 4 4 4 4 4 4 4 4 4 4 4 4 4 4 4 4 4 4 4 4 4 4 4 4 4 4 4 4 4 4 4 4 4 4 4 4 4 4 4 4 4 4 4 4 4 4 4 4 4 4 4 4 4 4 4 4 4 4 4 4 4 4 4 4 4 4 4 4 4 4 4 4 4 4 4 4 4 4 4 4 4 4 4 4 4 4 4 4 4 4 4 4 4 4 4 4 4 4 4 4 4 4 4 4 4 4 4 4 4 4 4 4 4 4 4 4 4 4 4 4 4 4 4 4 4 4 4 4 4 4 4 4 4 4 4 4 4 4 4 4 4 4 4 4 4 4 4 4 4 4 4 4 4 4 
6 6 2 5 5 5 3 4 4 4 4 4 4 4 4 4 4 4 4 4 4 4 4 4 4 4 4 4 4 4 4 4 4 4 4 4 4 4 4 4 4 4 4 4 4 4 4 4 4 4 4 4 4 4 4 4 4 4 4 4 4 4 4 4 4 4 4 4 4 4 4 4 4 4 4 4 4 4 4 4 4 4 4 4 4 4 4 4 4 4 4 4 4 4 4 4 4 4 4 4 4 4 4 4 4 4 4 4 4 4 4 4 4 4 4 4 4 4 4 4 4 4 4 4 4 4 4 4 4 4 4 4 4 4 4 4 4 4 4 4 4 4 4 4 4 4 4 4 4 4 4 4 4 4 4 4 4 4 4 4 4 4 4 4 4 4 4 4 4 4 4 4 4 4 4 4 4 4 4 4 4 4 4 4 4 4 4 4 4 4 4 4 4 4 4 4 4 4 4 4 
6 2 2 5 5 5 3 0 0 0 0 0 0 0 0 0 0 0 0 0 0 0 0 0 0 0 0 0 0 0 0 9 4 4 4 0 0 0 0 0 0 0 0 0 0 0 0 0 0 0 0 0 0 0 0 0 0 0 0 9 4 4 4 4 9 4 4 4 0 4 4 4 4 4 4 4 0 4 4 4 4 4 0 0 0 0 0 0 0 0 0 0 0 0 0 0 0 0 0 0 0 0 0 0 0 0 0 0 0 0 0 0 0 0 0 0 0 0 0 0 0 0 0 0 0 0 0 0 0 0 0 0 0 0 1 1 1 1 1 1 1 1 1 1 1 9 0 0 0 0 0 0 0 0 0 0 0 0 0 0 0 0 0 0 0 0 9 4 4 4 4 4 4 4 4 4 4 4 4 4 4 4 4 4 4 4 4 4 4 4 4 4 4 4 4 4 4 4 4 4 
6 2 2 2 5 5 3 3 0 0 0 0 0 0 1 1 1 1 1 1 1 1 1 1 1 1 1 1 1 1 1 1 4 4 4 0 0 0 0 0 0 0 0 0 0 0 0 0 0 0 4 4 4 4 4 4 0 0 4 4 4 4 4 4 0 4 4 4 0 4 4 4 4 4 4 4 0 4 4 4 4 4 9 0 0 0 0 0 0 0 0 0 0 0 0 0 0 0 0 0 0 0 0 0 0 0 0 0 0 0 0 0 0 0 0 0 0 0 0 0 0 0 0 0 0 0 0 0 0 0 0 0 1 1 1 12 12 12 12 12 12 12 12 12 1 1 1 1 1 1 1 1 1 1 1 1 1 1 1 1 1 1 1 1 0 0 0 0 0 0 0 0 0 0 0 0 0 0 0 0 0 0 0 0 0 0 0 0 0 0 0 0 9 4 4 4 4 0 0 4 
6 2 2 2 5 5 5 3 0 1 1 1 1 1 1 12 12 12 12 7 7 12 12 12 12 12 12 12 12 12 12 1 1 4 4 0 0 0 0 0 0 0 0 0 0 0 4 4 4 4 4 4 4 4 4 4 0 0 4 4 4 4 4 4 0 4 4 4 0 4 4 4 4 4 0 0 0 0 4 4 4 4 4 4 4 0 0 0 0 0 0 0 0 0 0 0 0 0 0 0 0 0 0 0 0 0 0 0 0 0 0 0 0 0 0 0 0 0 0 0 0 0 0 0 0 0 0 0 0 1 1 1 1 12 12 12 12 7 7 7 9 12 12 12 12 12 12 12 12 12 12 12 12 12 12 12 12 12 12 12 12 12 12 1 1 1 1 1 1 1 0 0 0 0 0 0 0 0 0 0 0 0 0 0 0 0 0 0 0 4 4 4 4 4 4 4 4 4 0 4 
6 2 2 2 5 5 5 3 0 1 12 12 12 12 12 12 12 12 12 7 7 12 12 12 12 12 12 12 12 12 12 12 1 4 4 0 4 4 4 0 0 0 0 0 0 0 4 4 4 4 4 4 4 4 4 4 0 0 4 4 4 4 4 0 0 4 4 4 0 0 0 0 0 0 0 4 4 4 4 0 0 9 4 4 4 0 0 0 0 0 0 0 0 0 0 0 0 0 0 0 0 0 0 0 0 0 0 0 0 0 0 0 0 0 0 0 0 0 0 0 0 0 0 0 0 1 1 1 1 1 12 12 12 12 7 7 7 7 12 7 7 7 7 7 7 7 7 7 12 12 12 12 12 12 12 12 12 12 12 12 12 12 12 12 12 12 12 12 12 1 1 1 0 0 0 0 0 0 0 0 0 0 0 0 4 4 4 0 0 4 4 4 4 4 4 4 4 4 0 4 
6 2 2 2 2 5 5 3 0 1 12 12 12 12 9 7 7 7 7 7 7 12 12 12 7 7 7 7 7 7 7 7 11 7 7 7 4 4 4 0 0 4 4 4 4 0 4 4 4 4 0 0 0 0 0 4 4 4 0 4 4 4 0 0 0 4 4 4 4 4 4 4 4 4 4 4 4 4 4 0 0 0 4 4 4 0 0 0 0 0 0 0 0 0 0 0 0 0 0 0 0 0 0 0 0 0 0 0 0 0 0 0 0 0 0 0 0 0 0 0 0 0 1 1 1 1 12 12 12 12 12 12 12 7 7 12 12 12 12 7 12 12 12 12 12 12 12 7 9 12 12 12 12 12 12 12 12 12 12 12 12 12 12 12 12 12 12 12 12 12 12 1 1 0 0 0 0 0 0 0 0 0 0 0 4 4 4 0 0 4 4 4 4 0 4 4 4 4 0 4 
6 2 2 2 2 5 5 3 0 1 12 12 12 12 7 7 12 12 12 7 7 12 12 12 12 12 12 7 9 12 12 12 1 0 0 7 4 4 4 0 0 4 4 4 4 0 0 0 0 0 0 0 0 0 0 4 4 4 0 4 4 4 0 0 0 4 4 4 4 4 4 4 4 4 4 4 4 4 4 0 0 0 4 4 4 0 0 0 0 0 0 0 0 0 0 0 0 0 0 0 0 0 0 0 0 0 0 0 0 0 0 0 0 0 0 0 0 0 0 1 1 1 1 12 12 12 12 12 12 12 9 7 7 7 9 12 12 12 7 7 7 12 12 12 12 12 12 7 7 12 12 8 8 8 8 12 12 12 9 12 12 12 12 12 12 12 12 12 12 12 12 12 1 1 0 0 0 0 0 0 0 0 0 0 4 4 4 9 0 4 4 4 4 4 4 4 4 4 0 4 
6 2 2 2 2 5 5 3 0 1 12 12 12 12 7 12 12 12 12 7 7 12 12 12 12 12 12 7 12 12 12 12 1 0 0 7 4 4 9 0 0 4 4 4 4 0 0 0 4 4 4 4 4 4 0 4 4 4 0 4 4 4 0 0 0 0 4 4 4 4 4 4 4 4 4 4 4 4 4 0 0 4 4 4 4 0 0 0 0 0 0 0 0 0 0 0 0 0 0 0 0 0 0 0 0 0 0 0 0 0 0 0 0 0 0 0 0 0 1 1 12 12 12 12 12 12 12 12 12 12 12 12 12 12 12 12 12 7 7 7 7 7 12 12 12 12 12 12 7 12 12 8 8 8 8 12 12 12 7 7 7 7 7 12 12 12 12 12 12 12 12 12 12 1 1 0 0 0 0 0 0 0 0 0 0 0 4 4 4 0 4 4 4 4 4 4 4 4 4 4 
6 2 2 2 2 5 5 3 0 1 12 12 12 12 7 12 12 12 12 7 7 12 12 12 12 12 12 7 12 12 12 12 1 0 0 7 4 4 4 4 4 4 4 4 0 0 4 4 4 4 4 4 4 4 0 0 4 4 4 0 0 0 0 0 0 0 0 0 0 0 4 4 4 4 9 0 0 0 0 0 4 4 4 4 4 0 0 0 0 0 0 0 0 0 0 0 0 0 0 0 0 0 0 0 0 0 0 0 0 0 0 0 0 0 0 0 0 0 1 1 12 12 12 12 12 9 12 12 12 12 12 12 12 12 12 12 12 7 7 7 7 7 12 12 12 12 12 12 7 12 12 8 8 8 8 12 12 12 7 12 12 12 7 7 7 12 12 12 12 12 12 12 12 12 1 1 0 0 0 0 0 0 0 0 0 0 4 4 4 0 4 4 4 4 4 4 4 4 4 4 
6 2 2 2 2 5 5 3 0 1 12 12 12 12 7 12 12 12 12 7 7 12 12 12 12 12 12 7 12 12 12 12 1 0 0 7 9 4 4 4 4 4 4 4 0 0 4 4 4 4 4 4 4 4 0 0 4 4 4 0 0 0 4 4 4 0 0 0 0 0 4 4 4 4 4 4 4 4 4 0 4 4 4 4 4 0 0 0 0 0 0 0 0 0 0 0 0 0 0 0 0 0 0 0 0 0 0 0 0 0 0 0 0 0 0 0 0 0 1 12 12 12 12 12 12 7 7 7 7 7 7 7 7 7 7 7 7 7 7 7 7 7 7 7 7 7 7 7 7 7 7 7 7 7 7 12 12 7 7 12 12 12 12 12 7 12 12 12 12 12 12 12 12 12 12 1 1 1 0 0 0 0 0 0 0 0 4 4 4 4 4 4 4 4 0 4 4 4 4 4 
6 2 2 2 2 5 5 3 0 1 12 12 12 12 7 12 12 12 12 7 7 12 12 12 12 12 12 7 12 12 12 12 1 0 0 7 0 4 4 4 4 4 4 4 0 0 4 4 4 0 0 0 0 0 0 0 4 4 4 0 0 0 4 4 4 0 0 0 0 0 0 4 4 4 4 4 4 4 4 0 4 4 4 4 4 4 4 0 0 0 0 0 0 0 0 0 0 0 0 0 0 0 0 0 0 0 0 0 0 0 0 0 0 0 0 0 0 0 1 12 12 12 12 12 12 7 12 12 12 12 12 12 12 12 12 12 12 12 7 7 7 12 12 12 12 12 12 12 12 12 12 12 12 12 7 12 7 7 12 12 9 12 12 12 7 12 12 12 12 12 12 12 12 12 12 12 12 1 1 1 0 0 0 0 0 0 0 0 4 4 4 4 4 4 4 0 4 4 4 4 
6 2 2 2 2 5 5 3 0 1 12 12 12 12 7 12 12 12 12 7 7 12 12 12 12 12 12 7 12 12 12 12 1 0 0 7 0 4 4 4 4 4 4 4 0 0 4 4 4 0 0 0 0 4 4 4 0 0 0 0 0 0 4 4 4 4 4 4 4 0 0 0 0 0 4 4 4 4 4 0 0 0 0 4 4 4 4 0 0 0 0 0 0 0 0 0 0 0 0 0 0 0 0 0 0 0 0 0 0 0 0 0 0 0 0 0 0 0 1 12 12 12 12 12 12 7 12 12 12 12 12 12 12 12 12 12 12 12 7 7 7 12 12 12 12 12 12 12 12 12 12 12 12 12 7 7 7 12 12 12 7 12 12 12 7 9 12 12 12 12 12 12 7 12 12 12 12 12 1 1 0 0 0 0 0 0 0 0 4 4 4 4 4 4 4 0 4 4 4 4 
7 7 7 7 7 5 5 3 0 1 7 7 7 7 7 7 7 7 7 7 7 7 7 7 7 7 7 7 7 7 7 7 11 7 7 7 4 4 4 0 4 4 4 0 0 4 4 4 4 4 4 4 4 4 4 4 9 4 4 4 0 0 0 0 0 4 4 4 4 0 0 0 0 0 0 0 0 0 0 0 0 0 0 0 4 4 4 0 0 0 0 0 0 0 0 0 0 0 0 0 0 0 0 0 0 7 7 7 0 0 7 7 7 7 7 7 7 7 1 1 1 1 12 12 12 7 12 12 12 12 12 12 7 7 12 12 12 12 7 7 7 12 12 12 12 12 12 12 12 12 12 12 12 12 7 12 12 12 12 12 7 12 12 12 7 7 7 7 12 12 12 12 7 12 12 12 12 12 12 1 1 0 0 0 0 4 4 4 4 4 4 0 4 4 4 0 4 4 4 4 
7 9 7 7 7 7 7 7 7 11 7 7 7 7 7 7 7 7 7 7 7 7 7 7 7 7 7 7 7 7 7 7 11 7 7 7 4 4 4 0 4 4 4 0 0 4 4 4 4 4 4 4 4 4 4 4 4 4 4 4 0 4 4 4 0 4 4 4 4 0 0 0 0 0 0 0 0 0 0 0 0 0 0 0 0 4 4 4 0 0 0 0 0 0 0 0 0 0 0 0 0 0 0 0 7 7 7 7 7 7 7 3 3 3 3 3 7 7 7 7 7 11 7 7 7 7 12 12 12 12 12 12 7 9 12 12 12 12 7 7 7 12 12 12 12 9 12 12 12 12 12 12 12 12 7 12 12 12 12 12 7 12 12 12 12 12 12 7 12 12 12 12 7 12 12 12 12 12 12 12 1 1 0 0 0 4 4 4 4 4 4 4 4 4 4 4 4 4 4 4 
7 7 7 7 7 5 5 3 0 1 7 7 12 9 7 12 12 12 12 7 7 12 12 12 12 12 12 7 12 12 12 12 1 0 0 7 4 4 4 4 4 4 4 0 0 4 4 4 4 4 4 4 4 4 4 4 4 4 4 4 0 4 4 4 4 4 4 9 0 0 0 0 0 0 0 0 0 0 0 0 0 0 0 0 0 4 4 4 0 7 7 7 7 7 0 0 7 7 7 7 7 7 7 7 7 3 3 3 3 3 3 3 2 2 2 3 3 3 3 3 3 1 1 1 7 7 7 12 12 12 12 12 7 7 7 7 7 7 7 7 7 12 12 12 12 7 7 7 7 7 7 7 7 7 7 12 12 12 12 12 7 12 12 12 12 12 12 7 12 12 12 9 7 12 12 12 12 12 12 12 1 1 1 0 0 4 4 4 4 4 4 4 4 4 4 4 9 0 0 4 
6 2 2 2 2 5 5 3 1 1 12 12 12 12 7 12 12 12 12 7 7 12 12 12 12 12 12 7 12 12 12 12 1 0 0 7 4 4 4 4 4 9 4 4 4 4 4 4 0 0 0 0 0 0 9 4 4 4 4 4 0 4 4 4 4 4 4 0 0 0 0 0 0 0 0 0 0 0 0 0 0 0 0 0 0 0 1 1 1 7 3 3 3 7 7 7 7 0 0 0 7 7 3 3 3 3 2 2 2 2 2 2 2 2 2 2 2 2 2 2 3 3 3 1 1 1 7 7 12 12 12 12 7 12 12 12 12 12 7 7 7 9 12 12 12 7 12 12 12 12 12 12 12 12 7 9 12 12 12 12 7 12 12 12 12 12 12 7 7 7 7 7 7 12 12 12 12 12 12 12 12 1 1 0 0 0 0 0 0 4 4 4 4 4 4 4 4 0 0 4 
6 2 2 2 2 5 5 3 1 12 12 12 12 12 7 8 8 8 8 7 7 12 12 12 12 12 12 7 12 12 12 12 1 0 0 7 7 7 7 4 4 0 4 4 4 4 4 4 0 0 0 0 0 0 9 4 4 4 4 0 0 4 4 4 4 4 4 0 0 0 0 0 0 0 0 7 7 7 7 7 7 0 0 0 0 1 1 9 1 7 3 2 3 3 3 0 0 0 3 3 3 3 2 2 2 2 2 2 2 2 2 2 2 2 2 2 2 2 2 2 2 2 3 3 3 1 1 7 7 7 12 12 7 7 12 12 12 12 7 7 7 12 12 12 12 7 7 12 12 12 12 12 12 12 7 7 12 12 12 12 7 12 12 12 12 12 12 12 7 12 12 12 7 7 7 7 12 12 12 12 12 12 1 0 0 0 0 0 0 0 4 4 4 0 4 4 4 0 0 4 
6 2 2 2 2 5 3 3 1 12 12 12 12 12 7 8 8 8 8 7 7 12 12 12 12 12 12 7 12 12 12 12 1 0 0 7 4 4 7 7 7 7 4 4 4 4 4 4 0 4 4 4 4 4 4 4 4 4 0 0 0 0 0 0 0 0 0 0 0 0 0 0 7 7 7 7 0 0 0 0 7 7 0 0 1 1 9 7 11 7 3 2 2 2 3 3 3 3 3 2 2 2 2 2 2 2 2 2 2 2 2 2 2 2 2 2 2 2 2 2 2 2 2 2 3 3 1 1 1 7 12 12 9 7 12 12 12 12 7 7 7 12 12 12 12 9 7 7 9 12 12 12 12 12 12 7 12 12 12 12 7 7 12 12 12 12 12 7 7 12 12 12 12 12 9 7 12 12 12 12 12 12 1 0 0 0 0 0 0 0 4 4 4 0 4 4 4 0 0 4 
6 2 2 2 2 5 3 0 1 12 12 12 12 12 7 8 8 8 8 7 7 12 12 12 12 12 12 7 12 12 12 12 1 0 0 7 4 4 4 0 0 7 7 7 0 4 4 4 0 4 4 4 4 4 4 4 4 0 0 0 0 0 0 0 0 0 0 0 0 0 0 7 7 0 0 0 0 0 0 0 0 7 7 0 1 9 7 7 1 3 3 2 2 2 2 2 2 2 2 2 2 2 2 2 2 2 2 2 2 2 2 2 2 2 2 2 2 2 2 2 2 2 2 2 2 2 3 3 1 7 12 12 7 7 12 12 12 12 7 7 7 12 12 12 12 12 12 7 7 12 12 12 12 12 7 7 12 12 12 12 12 7 7 7 7 7 7 7 9 12 12 12 12 12 12 7 12 12 12 12 12 12 1 1 0 0 0 0 0 0 4 4 4 0 4 4 4 0 0 4 
6 2 2 2 2 5 3 0 1 12 12 12 12 12 7 7 8 8 8 7 7 12 12 12 12 12 9 7 12 12 12 1 1 0 0 7 4 4 4 4 4 0 0 7 7 7 4 4 0 4 4 4 4 4 4 4 4 0 0 0 7 7 7 7 7 7 7 7 7 7 7 7 0 0 0 0 0 0 0 4 4 4 7 7 1 7 7 1 1 3 2 2 2 2 2 2 2 2 2 2 2 2 2 2 2 2 2 2 6 6 6 6 6 6 6 2 2 2 2 2 2 2 2 2 2 2 2 3 1 7 12 12 12 7 9 12 12 12 7 7 7 12 12 12 12 12 12 9 7 9 12 12 12 12 7 12 12 12 12 12 12 7 12 12 12 12 12 12 12 12 12 12 12 12 12 7 12 12 12 12 12 12 12 1 0 0 0 0 0 0 4 4 4 0 0 0 0 0 0 4 
6 2 2 2 2 5 3 3 1 12 12 12 12 12 7 7 7 7 7 7 7 7 7 7 7 7 7 7 12 12 12 1 0 0 0 7 0 0 4 4 4 0 4 4 4 7 7 7 7 7 7 4 4 4 0 0 0 0 7 7 7 0 0 0 0 0 0 0 0 0 0 0 0 0 0 0 0 0 0 4 4 4 0 7 11 7 7 1 3 3 2 2 2 2 2 2 2 2 2 2 2 2 6 6 6 6 6 6 6 6 6 6 6 6 6 6 2 2 2 2 2 2 2 2 2 2 2 3 1 7 12 12 12 12 12 12 12 12 7 7 7 12 12 12 12 12 12 12 12 12 12 12 12 12 7 12 12 12 12 12 12 7 12 12 12 12 12 12 12 12 12 12 12 12 12 7 12 12 12 12 9 12 12 1 0 0 0 0 0 0 4 4 4 0 0 0 0 0 0 4 
6 2 2 2 2 5 5 3 1 12 12 12 12 12 7 12 12 12 12 7 7 12 12 12 12 12 12 12 12 12 12 1 0 0 0 7 0 0 4 4 4 4 4 4 4 0 0 0 0 7 7 7 4 4 4 4 0 7 7 0 0 0 0 0 0 0 0 0 0 0 0 0 0 0 0 0 0 0 0 4 4 4 4 4 1 1 1 1 3 2 2 2 2 2 2 2 2 2 2 2 6 6 6 6 6 6 6 6 6 6 6 6 6 6 6 6 6 2 2 2 2 2 2 2 2 2 2 3 1 7 12 12 12 12 12 12 12 12 7 7 7 12 12 12 12 12 12 12 12 12 12 12 12 12 7 12 12 12 12 12 12 7 12 12 12 12 12 12 12 12 12 12 12 12 7 7 7 7 7 7 7 12 12 1 1 0 0 0 0 0 4 4 4 0 0 0 1 1 1 1 
6 2 2 2 2 5 5 3 1 12 12 12 12 12 7 12 12 12 12 7 7 12 12 12 12 12 12 12 12 12 1 1 0 0 7 7 0 0 4 4 4 4 4 4 4 0 0 0 4 4 4 7 7 7 7 7 7 7 0 0 0 0 0 0 0 0 0 0 0 0 0 0 0 0 0 0 0 0 0 4 4 4 4 4 0 0 0 3 2 2 2 2 2 2 2 2 2 2 6 6 6 6 6 6 6 6 6 6 6 6 6 6 6 6 6 6 6 6 2 2 2 2 2 9 7 7 7 7 11 7 7 7 7 7 7 7 7 7 7 9 7 7 7 7 7 7 7 7 7 7 7 7 7 7 7 7 7 7 7 7 7 7 7 7 7 7 7 7 7 7 7 7 7 7 7 12 12 12 12 12 7 12 12 12 1 0 0 0 0 0 0 0 0 0 0 0 1 9 7 1 
6 2 2 2 2 5 5 3 1 12 12 12 12 12 7 12 12 12 12 7 7 12 12 12 12 12 12 12 12 1 1 0 0 0 7 0 0 4 4 4 4 4 4 4 4 0 0 0 4 4 4 4 4 4 4 4 0 0 0 0 0 0 0 0 0 0 0 0 0 0 0 0 0 0 0 0 0 0 0 4 4 4 4 4 0 0 0 3 2 2 2 2 2 2 2 6 6 6 6 6 6 6 6 6 6 6 6 6 6 6 6 6 6 6 6 6 6 6 2 2 2 2 2 9 7 7 7 7 11 7 7 7 7 7 7 7 7 7 7 9 7 7 7 7 7 7 7 7 7 7 7 7 7 7 7 7 7 7 7 7 7 7 7 7 7 7 7 7 7 7 7 7 7 7 12 12 12 12 12 12 7 12 12 12 1 0 0 0 0 0 0 0 0 0 0 0 1 7 7 1 
6 6 2 2 2 5 5 3 1 1 12 12 12 12 7 12 12 12 12 7 7 9 12 12 12 12 12 1 1 1 0 0 7 7 7 0 0 4 4 4 4 0 4 4 4 0 0 0 4 4 4 4 4 0 0 0 0 0 0 0 0 0 0 0 0 0 0 0 0 0 0 0 0 0 0 0 0 0 0 0 4 4 4 0 0 0 0 3 2 2 2 2 2 2 2 6 6 6 6 6 6 6 6 6 6 6 6 6 6 6 6 6 6 6 6 6 6 6 2 2 2 2 2 2 2 2 3 3 1 12 12 12 12 12 12 12 12 12 7 7 7 12 12 12 12 12 12 12 12 12 12 12 12 12 7 12 12 8 8 8 12 12 7 12 12 12 12 12 12 12 12 12 12 7 7 12 12 12 12 12 7 7 7 7 11 7 7 7 7 7 7 7 7 7 7 7 7 7 7 1 
6 6 2 2 2 5 5 3 0 1 1 1 1 1 11 1 1 1 1 11 11 1 1 1 1 1 1 1 0 0 0 0 7 4 4 4 0 4 4 4 9 0 4 4 4 4 0 0 4 4 4 4 4 0 0 0 0 0 0 0 0 0 0 0 0 0 0 0 0 0 0 0 0 0 0 0 0 0 0 0 0 4 4 4 0 0 0 3 2 2 2 2 2 2 2 6 6 6 6 6 6 6 6 6 6 6 6 6 6 6 6 6 6 6 6 6 6 6 2 2 2 2 2 2 2 2 3 1 1 12 12 12 12 12 12 12 12 12 7 7 7 12 12 12 12 12 12 12 12 12 12 12 12 12 9 12 12 8 8 8 12 12 7 12 12 12 12 12 12 12 12 12 12 12 7 9 12 12 12 12 12 12 12 12 1 0 0 0 0 3 0 0 0 0 4 4 1 7 9 1 
6 6 2 2 2 5 5 3 0 0 0 0 7 7 7 0 0 0 0 7 7 0 0 0 0 0 0 0 0 7 7 7 7 4 4 4 4 4 4 4 4 4 0 4 4 4 0 0 0 0 0 0 0 0 0 0 0 0 0 0 0 0 0 0 0 0 0 0 0 0 0 0 0 0 0 0 0 0 0 0 0 0 4 4 0 4 4 4 3 2 2 2 2 2 2 6 6 6 6 6 6 6 6 6 6 6 6 6 6 6 6 6 6 6 6 6 6 2 2 2 2 2 2 2 3 3 3 1 12 12 12 12 12 12 12 12 12 12 7 7 7 12 12 12 12 12 12 12 12 12 12 12 9 7 12 12 12 8 8 8 12 12 7 12 12 12 12 12 12 12 12 12 12 12 7 7 12 12 12 7 7 12 12 12 1 0 4 4 4 3 4 4 4 0 4 4 1 1 1 1 
6 6 2 2 2 5 5 3 0 0 0 7 7 7 7 7 7 7 7 7 7 0 0 0 0 0 7 7 7 7 0 0 0 4 4 4 4 4 4 4 4 4 0 4 4 4 4 4 0 4 4 4 4 4 0 0 0 0 0 0 0 0 0 0 0 0 0 0 0 0 0 0 0 0 0 0 0 4 4 4 4 4 0 4 4 4 4 4 3 3 2 2 2 2 2 2 2 6 6 6 6 6 6 6 6 6 6 6 6 6 6 6 6 6 6 6 2 2 2 2 2 2 2 2 3 1 1 1 12 12 12 9 12 12 12 12 12 12 7 7 7 12 12 12 12 12 12 9 12 12 12 12 12 7 12 12 12 12 12 12 12 12 7 12 12 12 12 12 9 12 12 12 12 12 12 7 7 7 7 7 9 12 12 12 1 4 4 4 4 3 4 4 4 4 4 4 4 0 0 0 
6 6 2 2 2 5 5 3 0 0 0 7 4 4 4 0 0 0 0 0 7 7 7 7 7 7 7 0 0 0 0 0 0 0 0 0 4 4 4 4 4 4 0 4 4 4 4 4 0 4 4 4 4 4 0 0 0 0 0 0 0 0 0 0 0 0 0 0 0 0 0 0 4 4 4 0 0 4 4 4 4 4 4 4 4 4 4 4 0 3 3 2 2 2 2 2 2 2 2 2 2 2 2 2 2 2 2 2 2 2 2 2 2 2 2 2 2 2 2 2 2 2 2 3 1 1 12 12 12 12 12 7 12 12 12 12 12 12 12 7 12 12 12 12 12 12 12 7 12 12 12 12 12 7 12 12 12 12 12 12 12 12 7 12 12 12 12 12 7 12 12 12 12 12 12 7 12 12 12 12 12 12 12 12 1 0 4 4 4 3 4 4 4 4 4 4 4 0 0 0 
6 6 2 2 2 5 5 3 0 0 7 7 4 4 4 0 4 4 4 4 4 4 4 0 0 0 4 4 4 4 4 4 4 4 4 4 4 4 4 4 9 0 0 4 4 4 4 4 0 4 4 4 4 4 0 0 0 0 0 0 0 0 0 0 0 0 0 0 0 0 0 0 4 4 4 0 0 4 4 4 4 4 4 4 4 4 4 0 0 3 3 3 3 2 2 2 2 2 2 2 2 2 2 2 2 2 2 2 2 2 2 2 2 2 2 2 2 2 2 2 2 3 3 3 1 12 12 12 12 12 9 7 12 12 12 12 12 12 12 7 12 12 12 12 12 12 12 7 12 12 12 12 12 7 7 12 12 12 12 12 12 7 7 7 12 12 12 12 7 12 12 12 12 12 12 7 12 12 12 12 12 12 12 1 1 0 0 0 0 3 4 4 4 4 4 9 9 4 4 4 
6 6 2 2 2 5 5 3 0 0 7 0 4 4 4 4 4 4 4 4 4 4 4 4 4 4 4 4 4 4 4 4 4 4 4 4 4 4 4 4 4 4 0 0 0 4 4 4 0 4 4 4 0 0 0 0 0 0 0 0 0 0 0 0 0 0 0 0 0 0 0 0 4 4 4 4 0 0 0 0 4 4 4 4 4 4 4 4 4 0 0 0 3 3 3 2 2 2 2 2 2 2 2 2 2 2 2 2 2 2 2 2 2 2 2 2 2 2 3 3 3 3 1 1 1 12 12 12 12 7 7 7 7 7 7 7 7 7 7 7 7 7 7 7 7 7 7 7 12 12 12 12 12 12 7 12 12 12 12 12 12 7 7 7 12 12 12 12 7 9 12 12 12 12 12 7 12 12 12 12 12 12 12 1 0 0 0 0 0 3 4 4 4 4 4 3 4 4 4 4 
6 6 2 2 2 5 5 3 0 0 7 7 7 7 3 3 3 4 4 4 4 4 4 4 4 4 4 4 4 4 4 4 4 4 4 4 4 4 4 4 4 4 0 0 0 4 4 4 0 0 0 0 0 0 0 0 0 0 0 0 0 0 0 0 0 0 0 0 0 0 0 0 3 3 3 3 3 0 0 0 4 4 4 4 4 4 4 4 4 4 4 4 0 3 3 3 3 3 2 2 2 2 2 2 2 2 2 2 2 2 2 2 2 2 2 2 3 3 3 7 7 7 1 9 12 12 12 12 7 7 12 12 12 12 12 12 12 12 12 7 12 12 12 12 12 12 12 12 12 12 12 12 12 12 7 9 12 12 12 12 7 7 9 7 7 7 7 7 7 7 7 7 12 12 12 7 12 12 12 12 12 12 1 1 0 0 0 0 0 3 3 4 4 4 4 3 4 4 4 4 
6 6 2 2 2 5 5 3 0 0 7 0 4 4 4 4 3 3 4 4 4 4 4 4 4 4 4 4 0 4 4 4 4 4 4 4 4 0 4 4 4 4 0 0 0 4 4 4 0 0 0 0 0 0 0 0 0 0 0 0 0 0 0 0 0 0 0 0 0 0 0 3 3 4 4 4 3 4 4 4 4 4 4 4 1 1 1 1 4 4 4 4 0 7 7 7 7 3 3 3 3 3 3 3 3 3 2 2 2 2 2 3 3 3 3 3 3 7 7 7 1 11 12 7 7 7 7 7 7 12 12 12 12 12 12 12 12 12 12 7 12 12 12 12 12 12 12 12 12 12 12 12 12 7 7 7 12 12 12 7 7 12 12 12 12 7 12 12 12 12 12 7 7 7 7 7 12 12 12 12 12 1 1 0 0 0 0 4 4 4 3 3 3 4 4 3 3 9 4 4 
6 6 2 2 2 5 5 3 0 0 7 0 4 4 4 4 4 3 3 4 4 4 4 9 9 4 4 4 0 4 4 4 4 4 4 4 4 0 0 4 4 4 0 0 0 0 0 0 0 9 0 0 0 0 0 0 0 0 0 0 0 0 0 0 0 0 0 0 0 3 3 3 0 4 4 4 3 4 4 4 3 3 3 3 11 7 7 1 4 4 4 4 7 7 0 0 7 7 7 7 7 7 7 7 7 3 3 3 3 3 3 3 3 7 7 7 7 7 0 0 1 7 7 7 12 12 12 12 12 12 12 12 12 12 12 12 12 12 12 7 12 12 12 12 12 12 12 12 12 12 12 12 12 7 7 7 7 7 7 7 12 12 12 12 12 7 12 12 12 12 12 12 12 12 7 12 12 12 12 12 12 1 1 0 0 0 0 4 4 4 4 4 3 3 3 3 4 4 4 4 
6 6 2 2 2 5 5 3 0 0 7 0 4 4 4 4 4 4 3 3 4 4 3 3 3 3 3 3 0 4 4 4 4 4 4 4 4 0 0 0 0 4 4 4 0 0 0 4 4 4 0 0 0 0 0 0 0 0 0 0 0 0 0 0 0 0 0 0 3 3 3 0 4 4 4 3 3 4 4 4 3 3 4 4 1 9 7 1 4 1 1 1 11 1 0 0 0 4 4 4 0 0 0 0 7 7 7 7 7 7 7 7 7 7 7 0 0 0 0 0 1 12 12 12 12 12 12 7 7 7 7 7 7 7 7 12 12 12 12 7 7 12 12 12 12 12 12 12 12 12 12 12 12 12 7 12 12 12 12 12 12 12 12 12 12 7 9 12 12 12 12 12 12 12 7 7 12 12 12 12 1 1 0 0 0 0 0 4 4 4 4 4 4 4 4 3 4 4 4 4 
6 2 2 2 2 5 5 3 0 0 7 0 4 4 4 4 4 4 4 3 3 3 3 3 3 4 4 3 3 4 4 3 3 9 4 4 4 4 4 4 0 4 4 4 4 0 0 4 4 4 0 0 0 0 0 0 0 0 0 0 0 0 0 0 0 0 3 3 3 0 0 4 4 4 4 3 3 3 3 3 3 4 4 4 1 1 7 1 1 1 9 1 7 1 4 4 0 4 4 4 0 0 0 0 0 0 0 0 0 0 0 0 3 1 11 1 1 1 0 0 1 12 12 12 12 12 12 7 12 12 8 8 8 12 7 12 12 12 12 12 7 7 7 12 12 12 12 12 12 12 12 12 12 12 7 12 12 12 12 12 12 12 12 12 12 7 7 12 12 12 12 12 12 12 12 7 12 12 12 12 1 0 0 0 0 0 4 4 4 4 4 4 4 4 4 3 4 4 4 4 
6 2 2 2 2 5 5 3 0 0 7 0 4 4 4 4 4 4 4 4 4 4 3 3 3 4 4 3 3 3 3 3 3 3 3 9 4 4 4 4 0 4 4 4 4 0 0 4 4 4 0 0 0 0 0 0 0 0 0 0 0 0 0 0 0 3 3 0 4 4 4 4 4 4 4 3 4 4 4 3 3 4 4 4 4 1 7 7 7 7 7 7 7 1 4 4 0 4 4 4 0 0 0 0 0 0 0 0 0 0 0 0 3 1 7 7 9 1 0 0 1 12 12 12 9 7 7 7 12 12 8 8 8 12 7 12 12 12 12 12 7 9 7 7 12 12 12 12 12 12 12 12 12 12 7 12 12 12 12 12 12 12 12 12 12 7 12 12 12 12 12 12 12 12 12 12 12 12 12 1 1 0 0 0 0 4 4 4 4 4 4 4 4 3 3 3 3 3 3 4 
6 2 2 2 2 5 5 3 0 0 7 0 0 4 4 4 4 4 4 4 4 4 3 4 4 4 4 4 4 4 4 4 3 3 3 4 4 4 4 4 4 4 4 4 4 0 0 0 0 0 0 0 0 0 0 0 0 0 0 0 0 0 0 0 0 3 0 0 4 4 4 4 4 4 4 4 4 4 4 4 4 4 4 4 4 1 7 7 1 1 1 7 7 1 1 4 4 4 4 4 0 0 0 0 0 0 0 0 0 0 0 0 3 1 1 1 1 1 0 0 1 12 12 12 12 12 12 7 12 12 8 8 8 12 7 7 9 12 7 7 7 12 7 7 7 12 12 12 12 12 12 12 12 12 7 12 12 12 12 12 12 12 12 12 12 7 12 12 12 12 12 12 12 12 12 12 12 1 1 1 0 0 0 0 4 4 4 4 4 4 4 4 3 3 4 4 4 4 3 4 
6 2 2 2 2 5 5 3 3 0 7 0 0 4 4 4 0 0 4 4 4 4 4 4 9 4 4 4 4 4 4 4 9 3 9 4 4 4 4 4 4 4 0 0 0 0 0 0 0 0 0 0 0 0 0 0 0 0 0 0 0 0 0 0 0 3 0 0 4 4 4 4 4 4 4 4 4 4 4 4 4 0 0 4 4 1 1 1 1 4 1 9 7 7 1 4 4 4 4 4 0 0 0 0 0 0 0 0 0 0 0 3 3 0 0 0 0 0 0 0 1 12 12 12 12 12 12 7 12 12 8 8 8 12 7 7 7 7 7 12 12 12 12 7 7 12 12 12 12 12 9 7 7 7 7 12 12 12 12 12 9 12 12 12 7 7 7 7 7 9 12 12 12 12 1 1 1 1 0 0 0 0 0 4 4 4 4 4 4 4 4 4 3 4 4 4 4 9 0 4 
6 2 2 2 2 5 5 5 3 0 7 4 4 4 4 4 0 0 0 4 4 4 4 4 0 4 4 4 4 4 4 4 4 4 4 4 4 4 9 4 4 4 4 4 4 0 0 0 0 0 0 0 0 0 0 0 0 0 0 0 0 0 0 0 0 3 0 0 4 4 4 4 4 4 4 4 4 0 4 4 4 0 0 0 0 4 4 4 4 4 1 1 1 9 1 4 4 4 4 4 0 0 0 0 0 0 0 0 0 0 0 0 3 3 0 0 0 0 0 0 1 12 12 12 12 12 12 7 12 12 12 12 12 12 12 12 12 12 12 12 12 12 12 12 7 7 7 7 7 7 7 7 12 12 12 12 12 12 12 12 7 7 7 7 7 12 12 12 7 7 12 12 12 1 1 1 0 0 0 0 0 0 4 4 4 4 4 4 4 4 4 4 3 4 4 4 4 4 4 4 
6 2 2 2 2 2 5 5 3 0 7 4 4 4 4 0 0 0 4 4 4 4 4 4 0 0 0 0 0 0 0 0 4 4 4 0 0 0 0 0 4 4 4 4 4 0 9 4 4 4 0 0 0 0 0 0 0 0 0 0 0 0 0 0 0 3 0 0 4 4 4 4 0 0 4 4 4 0 4 4 4 4 4 4 4 4 4 4 0 0 4 4 1 1 1 4 4 4 4 4 0 0 0 0 0 0 0 0 0 0 0 0 0 3 0 0 0 0 0 0 1 1 12 12 12 12 12 7 7 12 12 12 12 12 12 12 12 12 12 12 12 12 12 12 12 12 12 12 12 7 12 12 12 12 12 12 12 12 12 12 7 9 12 12 12 12 12 12 12 12 12 12 1 1 0 0 0 0 0 0 0 0 4 4 4 4 4 4 4 4 4 4 3 9 4 4 4 4 4 4 
6 2 2 2 2 2 5 5 3 0 7 7 4 4 4 4 0 0 4 4 4 4 4 0 0 0 4 4 4 0 0 4 4 4 4 4 0 4 4 4 4 4 4 4 4 0 4 4 4 4 0 0 0 0 0 0 0 0 0 0 0 0 0 0 0 3 0 0 0 4 4 4 4 4 4 4 4 0 4 4 4 4 4 4 4 0 0 4 4 4 4 4 4 4 4 4 0 4 4 4 0 0 0 0 0 0 0 0 0 0 0 0 0 3 3 3 0 0 0 0 0 1 12 12 12 12 12 12 7 7 7 9 12 12 12 12 12 12 12 12 12 12 12 12 12 12 12 12 12 7 12 12 12 12 12 12 12 12 12 12 12 12 12 12 12 12 12 12 12 12 12 12 1 0 0 0 0 0 0 0 0 0 4 4 4 4 4 4 4 0 0 9 3 4 4 4 4 4 4 4 
6 2 2 2 2 2 5 5 3 0 0 7 7 4 4 4 0 0 4 4 4 0 0 4 4 4 4 4 4 0 0 4 4 4 4 4 0 4 4 4 4 4 4 4 0 0 4 4 4 4 0 0 0 0 0 0 0 0 0 0 0 0 0 0 0 3 0 0 0 4 4 4 4 4 4 0 4 4 4 0 0 4 4 4 4 4 4 4 4 4 0 0 0 4 4 4 0 4 4 4 0 0 0 0 0 0 0 0 0 0 0 0 0 0 3 3 0 0 0 0 0 1 1 12 12 12 12 12 12 12 12 12 12 12 12 12 12 12 12 12 12 12 12 12 12 12 12 9 7 7 12 12 12 12 12 12 12 12 12 12 12 12 12 12 12 12 12 12 12 12 12 1 1 0 0 0 0 0 0 0 0 4 4 4 4 4 4 4 4 4 4 4 3 4 4 4 4 4 0 0 
6 2 2 2 2 5 5 5 3 0 0 0 7 4 4 4 4 4 4 4 4 0 4 4 4 4 4 4 4 0 0 4 4 4 4 4 0 4 4 4 4 0 0 0 0 0 4 4 4 4 0 0 0 0 0 0 0 0 0 0 0 0 0 0 0 3 3 0 0 4 4 4 4 4 4 0 4 4 4 0 0 0 0 0 4 4 4 4 4 4 0 0 0 0 0 0 0 4 4 4 0 0 0 0 0 0 0 0 0 0 0 0 0 0 0 3 0 0 0 0 0 0 1 12 12 12 12 12 12 12 12 12 12 12 12 12 12 12 12 12 12 12 12 12 12 12 12 12 12 12 12 12 12 12 12 12 12 12 12 12 12 12 12 12 12 12 12 12 1 1 1 1 0 0 0 0 0 0 0 0 0 4 4 4 4 4 4 4 0 4 4 4 3 4 4 4 4 4 0 4 
6 2 2 2 2 5 5 5 3 0 0 0 7 7 4 4 4 4 4 4 4 0 4 4 4 4 0 0 0 0 0 0 0 0 0 0 0 0 0 0 0 0 0 0 0 0 0 0 0 0 0 0 0 0 0 0 0 0 0 0 0 0 0 0 0 0 3 0 4 4 4 0 4 4 4 0 4 4 4 0 0 0 0 0 4 4 4 4 4 4 0 0 0 0 0 0 0 0 0 9 0 0 0 0 0 0 0 0 0 0 0 0 0 0 0 3 3 0 0 0 0 0 1 1 1 1 1 1 1 1 12 12 12 12 12 12 12 12 12 12 12 12 12 12 12 12 12 12 12 12 12 12 12 12 12 1 1 1 1 1 1 1 1 1 1 1 1 1 1 0 0 0 0 0 0 0 0 0 0 0 0 4 4 4 4 4 4 4 4 4 4 4 3 0 4 4 4 4 4 4 
6 2 2 2 2 5 5 5 3 0 0 0 0 7 7 7 4 4 4 4 4 0 4 4 4 4 0 0 0 0 0 0 0 0 0 0 0 0 0 0 0 0 0 0 0 0 0 0 0 0 0 0 0 0 0 0 0 0 0 0 0 0 0 0 0 0 3 3 4 4 4 0 4 4 4 0 0 0 0 0 0 0 0 0 0 0 0 0 0 0 0 0 0 0 0 0 0 0 0 0 0 0 0 0 0 0 0 0 0 0 0 0 0 0 0 0 3 0 0 0 0 0 0 0 0 0 0 0 0 1 1 1 1 1 1 1 1 1 1 1 1 1 1 1 1 1 1 1 1 1 1 1 1 1 1 1 0 0 0 0 0 0 0 0 0 0 0 0 0 0 0 0 0 0 0 0 0 0 0 0 0 0 4 4 4 4 4 4 4 4 4 4 3 0 4 4 4 4 4 4 
6 2 2 2 2 5 5 5 3 0 0 0 0 7 7 7 7 7 7 7 7 0 0 0 0 0 0 0 0 0 0 0 0 0 0 0 0 0 0 0 0 0 0 0 0 0 0 0 0 0 0 0 0 0 0 0 0 0 0 0 0 0 0 0 0 0 0 3 4 4 4 0 4 4 4 0 0 0 0 0 0 0 0 0 0 0 0 0 0 0 0 0 0 0 0 0 0 0 0 0 0 0 0 0 0 0 0 0 0 0 0 0 0 0 0 0 3 0 0 0 0 0 0 0 0 0 0 0 0 0 0 0 0 0 0 0 0 0 0 0 0 0 0 0 0 0 0 0 0 0 0 0 0 0 0 0 0 0 0 0 0 0 0 0 0 0 0 0 0 0 0 0 0 0 0 0 0 0 0 0 0 4 4 4 4 4 4 4 4 4 1 1 11 1 0 4 4 4 4 4 
6 2 2 2 2 5 5 5 3 0 0 0 0 7 0 0 0 0 0 7 7 7 7 0 0 0 0 0 0 0 0 1 1 1 1 1 1 1 0 0 0 0 0 0 0 0 0 0 0 0 0 0 0 0 0 0 0 0 0 0 0 0 0 0 0 0 0 3 0 0 0 0 0 4 4 4 0 0 0 0 0 0 0 0 0 0 0 0 0 0 0 0 0 0 0 0 0 0 0 0 0 0 0 0 0 0 0 0 0 0 0 0 0 0 0 0 3 0 0 0 0 0 0 0 0 0 0 0 0 0 0 0 0 0 0 0 0 0 0 0 0 0 0 0 0 0 0 0 0 0 0 0 0 0 0 0 0 0 0 0 0 0 0 0 0 0 0 0 0 0 0 0 0 0 0 0 0 0 0 0 0 4 4 4 4 4 4 4 1 1 1 3 3 1 0 4 4 4 4 4 
6 2 2 2 2 2 5 5 3 0 0 7 7 7 0 0 0 0 0 0 1 11 11 1 1 1 1 1 1 1 1 1 12 12 12 12 12 1 1 1 1 1 0 0 0 0 0 0 0 0 0 0 0 0 0 0 0 0 0 0 0 0 0 0 0 0 0 3 0 0 0 0 0 4 4 4 0 0 0 0 0 0 0 0 0 0 0 0 0 0 0 0 0 0 0 0 0 0 0 0 0 0 0 0 0 0 0 0 0 0 0 0 0 0 0 0 3 0 0 0 0 0 0 0 0 0 0 0 0 0 0 0 0 0 0 0 0 0 0 0 0 0 0 0 0 0 0 0 0 0 0 0 0 0 0 0 0 0 0 0 0 0 0 0 0 0 0 0 0 0 0 0 0 4 4 4 4 0 0 0 0 4 4 4 4 4 4 4 1 3 3 3 1 1 0 0 0 4 4 4 
6 2 2 2 2 5 5 5 3 0 0 7 0 0 0 0 0 0 1 1 1 7 7 12 12 12 12 12 12 12 12 12 12 12 12 12 12 12 12 12 12 1 1 1 0 0 0 0 0 0 0 0 0 0 0 0 0 0 0 0 0 0 0 0 0 0 0 3 0 0 0 0 0 4 4 4 0 0 0 0 0 0 0 0 0 0 0 0 0 0 0 0 0 0 0 0 0 0 0 0 0 0 0 0 0 0 0 0 0 0 0 0 0 0 0 0 3 0 0 0 0 0 0 0 0 0 0 0 0 0 0 0 0 0 0 0 0 0 0 0 0 0 0 0 0 0 0 0 0 0 0 0 0 0 0 0 0 0 0 0 0 0 0 0 0 0 0 0 0 0 0 0 0 4 4 4 4 4 4 4 0 4 4 4 4 4 4 4 1 3 9 1 1 4 4 0 9 4 4 4 
6 2 2 2 2 5 5 5 3 0 7 7 0 0 1 1 1 1 1 7 7 7 7 12 12 12 12 12 12 12 12 12 12 12 12 12 12 12 12 12 12 12 1 1 0 0 0 0 0 0 0 0 0 0 0 0 0 0 0 0 0 0 0 0 0 0 0 3 0 0 0 0 0 4 4 4 4 0 0 0 0 0 0 0 0 0 0 0 0 0 0 0 0 0 0 0 0 0 0 0 0 0 0 0 0 0 0 0 0 0 0 0 0 0 0 0 3 0 0 0 0 0 0 0 0 0 0 0 0 0 0 0 0 0 0 0 0 0 0 0 0 0 0 0 0 0 0 0 0 0 0 0 0 0 0 0 0 0 0 0 0 0 0 0 0 0 0 0 0 0 0 4 4 4 4 4 4 4 4 4 0 4 4 4 4 4 4 1 1 3 9 1 4 4 4 9 0 4 4 4 
6 2 2 2 2 5 5 3 3 0 7 0 0 1 1 7 7 7 7 7 7 7 7 12 12 12 12 12 12 12 12 7 7 7 7 12 12 12 12 12 12 12 9 1 1 0 0 0 0 0 0 0 0 0 0 0 0 0 0 0 0 0 0 0 0 0 0 3 3 0 0 0 0 0 4 4 4 0 0 0 0 0 0 0 0 0 0 0 0 0 0 0 0 0 0 0 0 0 0 0 0 0 0 0 0 0 0 0 0 0 0 0 0 0 0 0 3 0 0 0 0 0 0 0 0 3 3 3 3 3 9 0 0 0 0 0 0 0 0 0 0 0 0 0 0 0 0 0 0 0 0 0 0 0 0 0 0 0 0 0 0 0 0 0 0 0 0 0 0 0 0 4 4 4 4 4 4 4 4 4 0 4 4 4 0 0 4 1 11 1 1 1 4 4 4 4 4 4 0 4 
6 2 2 2 2 5 5 3 0 7 7 0 1 1 7 7 7 7 7 7 7 7 7 7 9 12 12 12 12 12 12 7 7 7 7 12 12 12 12 12 12 12 7 7 1 0 0 0 0 0 0 0 0 0 0 0 0 0 0 0 0 0 0 0 0 0 0 0 3 0 0 0 0 0 0 4 4 4 0 0 0 0 0 0 0 0 0 0 0 0 0 0 0 0 0 0 0 0 0 0 0 0 0 0 0 0 0 0 0 0 0 0 0 0 0 0 3 0 0 0 0 0 3 3 3 3 0 0 0 3 3 3 3 3 0 0 0 0 0 0 0 0 0 0 0 0 0 0 0 0 0 0 0 0 0 0 0 0 0 0 0 0 4 4 4 4 0 0 0 0 0 4 4 4 4 4 4 4 4 0 0 0 0 0 0 0 4 4 3 0 0 0 0 0 0 4 4 4 0 4 
6 2 2 2 2 5 5 3 7 7 0 0 1 7 7 7 7 12 12 12 12 7 7 7 7 12 12 12 12 12 7 7 7 7 7 7 7 12 12 12 12 12 7 7 1 0 0 0 0 0 0 0 0 0 0 0 0 0 0 0 0 0 0 0 0 0 0 0 3 3 0 0 0 0 0 4 4 4 0 0 0 0 0 0 0 0 0 0 0 0 0 0 0 0 0 0 0 0 0 0 0 0 0 0 0 0 0 0 0 0 0 0 0 0 0 0 3 3 3 3 3 3 3 0 0 0 0 0 0 0 0 0 0 3 3 3 0 0 0 0 0 0 0 0 0 4 4 4 4 4 4 4 4 0 0 0 0 0 4 4 4 4 4 4 4 4 0 0 0 0 0 0 4 4 4 4 4 4 4 4 4 4 4 4 0 0 0 0 3 3 3 3 3 3 3 4 4 4 4 4 
6 6 2 2 2 5 5 3 7 0 0 0 1 7 7 7 12 12 12 12 12 7 7 7 7 12 12 12 12 12 7 7 12 12 12 7 7 12 12 12 12 9 7 7 1 1 0 0 0 0 0 0 0 0 0 0 0 0 0 0 0 0 0 0 0 0 0 0 0 3 3 0 0 0 0 0 4 4 0 0 0 0 0 1 1 1 1 1 1 1 1 1 1 1 1 1 0 0 0 0 0 0 0 0 0 0 0 0 0 0 0 0 0 0 0 0 3 0 0 0 0 0 0 0 0 0 0 0 0 0 0 4 4 4 4 3 3 3 3 3 3 3 3 3 0 4 4 4 4 4 4 4 4 0 0 0 0 4 4 4 4 4 4 4 4 4 4 4 4 4 0 0 4 4 4 4 4 4 4 4 4 4 4 4 4 0 0 0 3 4 4 4 4 4 3 0 4 4 4 4 
6 6 2 2 2 5 5 3 7 0 0 0 1 7 7 12 12 12 12 12 12 7 7 7 7 7 7 7 7 7 7 7 12 12 12 12 7 12 12 12 12 12 12 7 7 1 0 0 0 0 0 0 0 0 0 0 0 0 0 0 0 0 0 0 0 0 0 0 0 0 3 3 0 0 0 0 4 4 4 1 1 1 1 1 12 12 12 12 12 9 7 12 12 12 8 1 1 1 1 0 0 0 0 0 0 0 0 0 0 0 0 0 0 0 0 0 3 0 0 0 0 0 0 4 4 4 0 0 0 0 0 4 4 4 4 4 4 4 0 0 4 4 4 3 3 4 4 4 4 4 4 4 4 4 0 0 0 4 4 4 4 4 4 4 4 4 4 4 4 4 4 4 4 4 4 0 0 4 4 4 4 4 4 4 3 3 3 3 3 4 4 4 4 4 3 0 4 4 4 4 
6 6 2 2 2 5 5 3 7 0 0 1 1 7 12 12 12 12 12 12 12 7 7 7 7 7 7 7 7 7 7 7 12 12 12 12 7 7 9 12 12 12 12 12 7 1 0 0 0 0 0 0 0 0 0 0 0 0 1 1 1 1 1 1 0 0 0 0 0 0 0 3 3 3 0 0 0 1 1 1 12 12 12 12 12 12 12 12 12 12 7 12 12 12 8 8 8 1 1 1 1 1 1 1 1 0 0 0 0 0 0 0 0 0 0 0 3 0 0 0 0 0 0 4 4 4 0 4 4 4 4 4 4 4 4 4 4 4 0 0 4 4 4 3 3 3 3 3 3 4 4 4 4 4 4 4 4 4 4 4 0 0 0 0 4 4 4 4 4 4 4 4 4 4 9 0 0 9 3 4 4 4 4 3 3 4 4 4 4 4 4 4 4 4 3 4 4 4 4 4 
6 6 2 2 2 5 5 3 7 0 0 1 7 7 12 12 12 12 12 12 12 12 7 7 7 7 7 7 7 7 7 7 12 12 12 12 12 12 12 12 12 12 12 12 7 1 1 0 0 0 0 0 0 0 0 0 0 0 1 9 7 7 7 1 0 0 0 0 0 0 0 0 0 3 3 1 1 1 12 12 12 12 12 12 12 12 12 12 12 12 7 12 12 12 8 8 8 12 12 12 12 12 12 12 1 1 1 1 0 0 0 0 0 0 0 3 3 0 0 0 0 0 0 4 4 4 0 4 4 4 4 4 4 4 4 4 4 4 4 4 4 4 4 3 3 4 4 4 3 3 3 3 3 3 4 4 4 4 4 4 0 0 0 0 0 0 9 4 4 4 4 4 4 4 4 0 3 3 3 3 4 4 3 3 4 4 4 4 4 4 4 4 4 4 3 4 4 4 4 4 
6 6 2 2 2 5 5 3 7 0 0 1 7 7 12 12 12 12 12 12 12 12 12 7 7 7 7 7 7 7 7 7 12 12 12 12 12 7 9 12 12 12 12 12 7 7 1 0 0 0 0 0 0 0 0 0 0 0 1 7 7 7 9 1 0 0 0 0 0 0 0 0 0 0 3 11 7 7 12 12 12 12 12 12 12 12 12 12 7 7 7 7 7 7 7 7 7 7 7 12 12 12 12 12 12 12 12 1 1 1 0 0 0 0 3 3 0 0 0 0 0 0 0 0 0 0 0 4 4 4 4 4 4 4 4 4 4 4 4 4 9 3 3 3 9 4 4 4 4 4 4 4 4 3 4 4 4 4 4 4 4 4 4 0 0 0 3 4 4 4 4 4 4 4 4 3 3 0 3 3 3 3 3 4 4 4 4 4 4 4 4 4 0 9 3 3 4 4 4 4 
6 6 2 2 2 5 5 3 7 0 1 1 7 7 9 12 12 12 12 12 12 12 12 7 7 7 7 7 7 7 7 7 12 12 12 12 12 7 7 9 12 12 12 12 7 7 1 0 0 0 0 0 0 0 0 0 0 0 1 7 7 7 1 1 0 0 0 0 0 0 0 0 0 0 0 1 7 7 7 7 7 12 12 12 12 12 12 12 7 7 7 7 12 12 12 7 7 7 7 7 7 12 12 12 12 12 12 12 1 1 0 0 0 3 3 0 0 0 0 0 0 0 0 0 0 0 0 0 0 0 0 4 4 4 4 4 4 4 4 4 3 3 4 4 4 4 4 4 4 4 4 4 4 3 3 4 4 4 0 0 4 4 4 0 3 3 3 3 3 3 3 3 3 3 3 3 0 4 4 4 3 4 4 4 4 4 4 9 4 4 4 0 4 4 4 3 0 4 4 4 
6 2 2 2 5 5 5 3 7 0 1 7 7 7 12 12 12 7 7 7 7 7 7 7 7 12 12 12 7 7 7 7 12 12 12 12 12 7 12 12 12 12 12 12 7 7 1 0 0 0 0 0 0 0 0 0 0 0 1 7 7 7 1 0 0 0 0 0 0 0 0 0 0 0 0 1 12 12 9 7 7 7 7 7 7 7 7 7 7 7 7 7 12 12 12 12 9 12 12 7 7 7 7 7 7 7 7 7 7 11 3 3 3 3 0 0 0 0 0 0 0 0 0 0 0 0 0 0 0 0 0 0 4 4 4 4 4 4 4 4 3 9 4 4 4 4 4 4 4 4 4 4 4 4 3 4 4 4 0 0 4 4 4 0 3 4 4 4 4 4 0 0 0 0 4 4 4 4 4 4 3 4 4 4 4 4 4 0 4 4 4 0 4 4 4 3 0 4 4 4 
6 2 2 2 5 5 5 3 7 0 1 7 7 7 12 12 7 7 12 12 12 12 7 7 12 12 12 12 12 12 7 7 7 7 12 12 12 7 12 12 12 12 12 12 7 7 11 7 7 7 7 7 7 7 7 7 7 7 1 1 11 11 1 1 0 0 0 0 0 0 0 0 0 1 1 1 12 12 12 7 7 7 7 7 7 7 7 12 12 1 1 11 1 1 1 12 12 12 12 12 12 12 12 12 12 12 12 12 1 1 0 0 0 0 0 0 0 0 0 0 0 0 0 0 0 0 0 0 0 0 0 0 0 0 4 4 4 4 4 4 4 4 4 4 4 4 4 4 0 0 9 4 4 4 3 4 4 0 4 4 4 0 0 0 3 4 4 4 0 0 0 0 0 0 4 4 4 4 4 4 3 4 4 4 4 4 0 0 0 0 0 0 4 4 4 3 9 4 4 4 
6 2 2 2 5 5 5 3 7 0 1 7 7 12 12 12 9 12 12 12 12 12 7 12 12 12 12 12 12 12 12 7 7 7 7 7 7 7 7 7 7 7 7 7 7 7 11 7 7 7 7 7 7 7 7 7 7 7 7 7 7 7 7 7 7 7 7 7 7 7 7 7 7 11 7 7 7 7 7 7 12 12 12 12 12 12 12 12 1 1 7 7 7 7 1 1 1 1 1 1 1 1 1 1 1 1 1 1 1 4 0 0 0 0 0 0 0 0 0 0 0 0 0 0 0 0 0 0 0 0 0 0 0 0 4 4 4 4 4 4 4 4 4 4 4 4 4 4 0 4 4 4 4 4 3 4 4 4 4 4 4 3 3 3 3 4 4 4 4 4 0 4 4 4 4 4 4 4 4 9 3 3 9 4 4 4 0 0 0 0 0 0 0 0 0 0 0 4 4 4 
6 2 2 2 5 5 5 3 7 0 1 7 12 12 12 12 12 12 12 12 12 12 7 12 12 12 12 12 12 12 12 7 7 7 7 7 7 7 7 7 12 12 12 12 12 12 1 0 0 0 0 0 0 0 0 0 0 0 0 0 0 0 0 0 0 0 0 0 0 0 0 0 0 1 1 12 7 12 12 12 1 1 1 1 1 1 1 1 1 0 3 3 3 3 0 0 0 0 0 0 0 0 0 0 0 0 0 0 4 4 4 0 0 0 0 0 0 3 3 3 3 3 3 3 3 3 3 0 0 0 0 0 0 0 0 0 0 0 0 0 4 4 4 4 4 4 4 4 0 4 4 4 4 4 3 4 4 4 4 4 4 3 4 4 4 4 4 4 4 4 0 4 4 4 4 4 4 4 4 4 4 4 4 4 4 4 4 4 4 4 0 4 4 4 4 4 4 4 4 4 
6 2 2 2 2 5 5 3 7 0 1 7 9 12 12 12 12 12 12 12 12 12 7 7 7 7 7 7 8 8 12 12 12 12 7 12 12 12 12 12 12 12 12 12 12 12 1 0 0 0 0 0 0 0 0 0 0 0 0 0 0 0 0 0 0 0 0 0 0 0 0 0 0 1 1 12 12 1 1 1 1 0 0 0 0 0 0 0 0 3 3 5 5 3 3 3 9 3 3 3 3 3 3 3 3 3 3 0 4 4 4 4 0 3 3 3 3 6 6 6 6 6 6 6 6 6 3 3 3 3 3 3 3 0 0 0 0 0 0 0 0 4 4 4 4 4 4 4 0 4 4 4 9 3 3 4 4 4 4 4 4 3 4 4 4 4 4 4 4 4 4 4 4 4 4 4 0 4 4 4 4 4 4 4 4 4 4 4 4 4 0 4 4 4 4 4 4 9 4 4 
6 6 2 2 5 5 3 3 7 0 1 7 7 7 7 7 7 7 7 9 12 12 12 12 12 12 12 8 8 8 12 12 12 12 7 12 12 12 12 12 12 12 12 12 12 1 1 0 0 0 0 0 0 0 0 0 0 0 0 0 0 0 0 0 0 0 0 0 0 0 0 0 0 0 1 1 1 1 0 0 0 0 0 3 3 3 3 3 3 3 5 5 5 5 5 3 3 3 5 5 5 5 5 5 5 3 3 0 4 4 4 3 3 3 6 6 6 6 6 6 6 6 6 6 6 6 6 6 6 6 6 6 3 3 3 3 0 0 0 0 0 0 0 0 0 0 0 0 0 4 4 4 4 4 3 4 4 4 3 3 3 3 4 4 4 4 4 0 0 9 4 4 4 0 9 4 4 4 4 4 4 4 4 4 4 4 4 4 4 4 4 4 4 4 4 4 4 0 4 4 
6 6 2 2 5 5 3 0 9 0 1 1 1 1 1 7 7 7 7 12 12 12 12 12 12 12 12 8 8 8 12 12 12 12 7 7 12 12 12 12 12 12 12 12 1 1 0 0 0 0 0 0 0 0 0 0 0 0 0 0 0 0 0 0 0 0 0 0 0 0 0 0 0 0 0 0 0 0 0 0 0 0 3 3 5 5 5 5 5 5 5 5 5 5 5 5 5 5 5 5 5 5 5 5 5 3 3 3 4 4 4 6 6 6 6 6 6 6 6 6 6 6 6 6 6 6 6 6 6 6 6 6 6 6 6 3 3 3 0 0 0 0 0 0 0 0 0 0 0 4 4 4 4 4 3 3 3 3 3 0 0 0 0 0 0 0 0 0 0 0 4 4 4 0 0 4 4 4 0 0 0 0 0 0 0 0 0 0 0 0 0 0 0 0 0 0 0 0 4 4 
6 6 2 2 5 5 3 0 3 3 3 1 0 0 1 1 1 7 7 12 12 12 12 9 12 12 12 12 12 12 12 12 12 12 7 7 7 12 12 12 12 1 1 1 1 0 0 0 0 0 0 0 0 0 0 0 0 0 0 0 0 0 0 0 0 0 0 0 0 0 0 0 0 0 0 0 0 3 3 3 0 3 3 5 5 5 5 5 5 5 5 5 5 5 5 5 5 5 5 5 6 6 6 6 6 6 6 6 6 6 6 6 6 6 6 6 6 6 3 3 3 3 3 3 3 3 3 3 3 3 3 6 6 6 6 6 6 3 3 3 3 0 0 0 0 0 0 0 0 4 4 4 4 4 0 0 0 0 0 0 0 0 0 0 0 0 0 0 0 0 0 0 0 0 0 4 4 4 0 0 0 0 0 0 0 0 0 0 0 0 0 0 0 0 0 0 0 0 0 4 
6 6 2 2 5 5 3 3 3 5 1 1 3 3 0 0 1 7 7 7 7 7 7 7 12 12 12 12 12 12 12 12 12 12 7 7 7 7 7 9 1 1 0 0 0 0 0 0 0 0 0 0 0 0 0 0 0 0 0 0 0 0 0 0 0 0 0 0 0 0 0 0 0 3 3 3 3 3 3 3 3 3 5 5 5 6 6 6 6 6 6 10 10 6 6 6 6 6 6 6 6 6 6 6 6 6 6 3 3 3 3 3 3 3 3 3 3 3 3 0 0 0 0 0 0 0 0 0 0 0 3 3 3 3 3 6 6 6 6 6 3 3 3 0 0 0 0 0 0 0 0 0 0 0 0 0 0 0 0 0 0 0 0 0 0 0 0 0 0 0 0 0 0 0 0 0 0 0 0 0 0 0 0 0 0 0 0 0 0 0 0 0 0 0 3 3 3 3 3 3 
6 6 2 2 5 5 5 5 5 1 1 5 5 3 3 0 1 1 1 1 1 1 1 1 1 1 1 1 1 1 1 1 1 1 1 1 1 1 1 1 1 0 0 0 0 0 0 0 0 0 0 0 0 0 0 0 0 0 0 0 0 0 0 0 0 0 0 0 0 0 0 0 3 3 6 6 6 6 6 6 6 6 6 6 6 6 6 6 6 6 6 10 10 6 6 6 6 6 6 6 6 6 6 5 3 3 3 3 0 0 0 0 0 0 0 0 0 0 0 0 0 0 0 0 0 0 0 0 0 0 0 0 0 0 3 3 3 3 6 6 6 6 3 3 3 0 0 0 0 0 0 0 0 0 0 0 0 0 0 0 0 0 0 0 0 0 0 0 0 0 0 0 0 0 0 0 0 0 0 0 0 0 0 0 0 0 0 0 0 0 0 3 3 3 3 6 6 6 6 6 
6 6 6 2 5 5 5 1 1 1 5 5 5 5 3 0 0 0 0 0 0 0 0 0 0 0 0 0 0 0 0 0 0 0 0 0 0 0 0 0 0 0 0 0 0 0 0 0 0 0 0 0 0 0 0 0 0 0 0 0 0 0 0 0 0 0 0 0 0 0 3 3 3 6 6 6 6 6 6 6 6 6 6 6 6 5 5 5 5 5 5 5 5 5 5 5 6 6 5 5 5 5 5 5 9 3 0 0 0 0 0 0 0 0 0 0 0 0 0 0 0 0 0 0 0 0 0 0 0 0 0 0 0 0 0 0 0 3 3 3 6 6 6 6 3 3 3 3 3 0 0 0 0 0 0 0 0 0 0 0 0 0 0 0 0 0 0 0 0 0 0 0 0 0 0 0 0 3 3 3 3 3 3 3 3 0 0 0 3 3 3 3 6 6 6 6 6 6 6 3 
6 6 6 6 6 6 6 6 6 6 6 5 5 5 3 3 3 3 3 3 3 3 3 3 3 3 3 3 3 3 3 3 3 3 3 3 3 3 3 3 3 3 3 3 3 3 3 3 3 3 3 3 3 3 3 3 3 3 3 3 3 3 3 3 3 3 3 3 3 3 3 6 6 6 6 3 3 3 3 3 3 3 5 5 5 5 3 3 5 5 5 5 5 5 5 5 6 6 5 5 5 5 5 5 5 3 0 0 0 0 0 0 0 0 0 0 0 0 0 0 0 0 0 0 0 0 0 0 0 0 0 0 0 0 0 0 0 0 0 3 3 3 6 6 6 6 6 6 3 3 3 3 0 0 0 0 0 0 0 0 0 0 0 0 0 0 0 0 0 0 0 0 0 0 0 3 3 3 6 6 6 6 6 6 3 3 3 3 3 6 6 6 6 6 6 6 3 3 3 3 
6 6 6 6 6 6 6 6 6 6 6 6 6 6 6 6 6 6 6 6 6 6 6 6 6 6 6 6 6 6 6 6 6 6 6 6 6 6 6 6 6 6 6 6 6 6 6 6 6 6 6 6 6 6 6 6 6 6 6 6 6 6 6 6 6 6 6 6 6 6 6 6 3 3 3 3 0 0 0 0 0 3 3 3 3 3 3 3 3 3 3 3 3 3 5 5 6 6 6 5 5 5 3 3 3 3 0 0 0 0 0 0 0 0 0 0 0 0 0 0 0 0 0 0 0 0 0 0 0 0 0 0 0 0 0 0 0 0 0 3 3 3 3 3 3 6 6 6 6 6 6 3 3 3 3 3 3 0 0 0 0 3 3 3 3 3 3 3 3 3 0 3 3 3 3 3 6 6 6 6 6 6 6 6 6 6 6 6 6 6 6 6 6 3 3 3 3 0 0 4 
6 6 6 2 5 5 5 5 5 5 5 6 6 6 6 6 6 6 6 6 6 6 6 6 6 6 6 6 6 6 6 6 6 6 6 6 6 6 6 6 6 6 6 6 6 6 6 6 6 6 6 6 6 6 6 6 6 6 6 6 6 6 6 6 6 6 6 6 6 6 6 3 3 0 0 0 0 0 1 1 1 1 0 0 0 0 0 0 7 7 7 7 3 3 5 5 5 6 6 5 5 5 3 0 0 0 0 0 0 0 0 0 0 0 0 0 0 0 0 0 0 0 0 0 0 0 0 0 0 0 0 0 0 0 0 0 0 0 0 0 0 0 0 0 3 3 3 3 6 6 6 6 6 6 6 6 3 3 3 3 3 3 6 6 6 6 6 6 6 3 3 3 6 6 6 6 6 6 6 6 6 6 6 6 6 6 6 6 6 3 3 3 3 3 0 0 0 0 0 4 
6 6 2 2 5 5 5 5 5 5 5 5 5 5 5 3 3 3 3 3 3 3 3 3 3 3 3 3 3 3 3 3 3 3 3 3 3 3 3 3 3 3 3 3 3 3 3 3 3 3 3 3 3 3 3 3 3 3 3 3 3 3 3 3 3 3 3 3 3 3 3 3 0 0 1 1 1 1 1 12 12 1 1 1 1 1 1 1 11 1 1 7 7 3 5 5 5 6 6 6 5 5 3 3 0 0 0 0 0 0 0 0 0 0 0 0 0 0 0 0 0 0 0 0 0 0 0 0 0 0 0 0 0 0 0 0 0 0 0 0 0 0 0 0 0 0 0 3 3 3 3 3 6 6 6 6 6 6 6 6 6 6 6 6 6 6 6 6 6 6 6 6 6 6 6 6 3 3 3 3 3 3 3 3 3 3 3 3 3 3 0 0 0 0 0 0 0 0 0 4 
6 6 2 2 5 5 5 3 3 5 5 5 5 5 5 3 0 0 0 0 0 0 0 0 0 0 0 0 0 0 0 0 0 0 0 0 0 0 0 0 0 0 0 0 0 0 0 0 0 0 0 0 0 0 0 0 0 0 0 0 0 0 0 0 0 0 0 0 0 0 0 0 0 1 1 12 12 12 12 12 12 12 12 12 12 12 12 12 7 12 1 1 7 3 3 5 5 5 6 6 5 5 5 3 0 0 0 0 0 0 0 0 0 0 0 0 0 0 0 0 0 0 0 0 0 0 0 0 0 0 0 0 0 0 0 0 0 0 0 0 0 0 0 0 0 0 0 0 0 0 0 3 3 3 3 3 6 6 6 6 6 6 6 6 6 6 6 6 6 6 6 6 6 6 3 3 3 0 0 0 0 0 0 0 0 0 0 0 0 0 0 0 0 0 0 0 0 0 0 4 
6 2 2 2 5 5 5 3 3 3 3 3 3 3 3 3 0 0 0 0 0 0 0 0 0 0 0 0 0 0 0 0 0 0 0 0 0 0 0 0 0 0 0 0 0 0 0 0 0 0 0 0 0 0 0 0 0 0 0 0 0 0 0 0 0 0 0 0 0 0 0 1 1 1 12 12 12 12 12 7 7 9 12 12 12 12 12 12 7 12 12 1 7 7 3 5 5 5 6 6 5 5 5 3 3 0 0 0 0 0 0 0 0 0 0 0 0 0 0 0 0 0 0 0 0 0 0 0 0 4 4 4 4 0 0 0 4 4 4 4 4 4 4 0 0 0 0 0 0 0 0 0 0 0 3 3 3 3 3 3 3 3 3 3 3 3 3 3 3 3 3 3 3 3 3 0 0 0 0 0 0 0 0 0 0 0 0 0 0 0 0 0 0 0 0 0 0 0 0 4 
6 2 2 2 5 5 5 3 0 0 0 0 0 0 0 0 0 0 0 0 0 0 0 0 0 0 0 0 0 0 0 0 0 0 0 0 0 0 0 0 0 0 0 0 0 0 0 0 0 0 0 0 0 0 0 0 0 0 0 0 0 0 0 0 0 0 0 0 0 0 0 1 12 12 12 12 9 12 12 7 12 12 12 12 12 12 12 12 7 12 12 1 1 7 3 3 5 5 5 6 6 5 5 5 3 0 0 0 0 0 0 0 0 0 0 0 0 0 0 0 0 0 4 4 4 4 4 0 0 4 4 4 4 0 0 0 4 4 4 4 4 4 4 0 0 0 0 0 0 0 0 0 0 0 0 0 0 0 0 0 0 0 0 0 0 3 3 3 3 3 3 3 9 0 0 0 0 0 0 0 0 0 0 0 0 0 0 0 0 0 0 0 0 0 0 0 0 0 0 4 
6 2 2 2 5 5 5 3 0 0 0 0 0 0 0 0 0 0 0 0 0 0 0 0 0 0 0 0 0 0 0 0 0 0 0 0 0 0 0 0 0 0 0 0 0 0 0 0 0 0 0 0 0 0 0 0 0 0 0 0 0 0 0 0 0 0 0 0 0 0 1 1 12 12 12 12 7 12 12 7 12 12 12 12 12 12 12 12 7 12 12 12 1 7 0 3 9 3 3 6 6 5 5 5 3 0 0 0 0 0 0 0 0 0 0 0 0 0 0 0 0 0 4 4 4 4 4 4 4 4 4 4 4 0 0 0 4 4 4 4 4 4 4 4 4 4 4 4 0 4 4 0 0 0 0 0 0 0 0 0 0 0 0 0 0 0 0 0 0 0 0 0 0 0 0 0 0 0 0 0 0 0 0 0 0 0 0 0 0 0 0 0 0 0 0 0 0 0 0 4 
6 2 2 2 5 5 3 3 0 0 0 0 0 0 0 0 9 0 0 0 0 0 0 0 0 0 0 0 0 0 0 0 0 0 0 0 0 0 0 0 0 0 0 0 0 0 0 0 0 0 0 0 0 0 0 0 0 0 0 0 0 0 0 0 0 0 0 0 0 0 1 12 12 12 12 12 7 12 12 7 12 12 12 12 12 12 12 12 7 12 12 12 1 7 7 3 3 3 3 3 6 6 3 9 3 0 0 0 0 0 0 0 0 0 0 0 0 0 0 4 4 4 4 4 4 4 4 4 4 4 9 0 0 0 0 0 0 0 0 9 4 4 4 4 4 4 4 4 0 4 4 4 4 4 0 0 0 0 0 0 0 0 0 0 0 0 0 0 0 0 0 0 0 0 0 0 0 0 0 0 0 0 0 0 0 0 0 0 0 0 0 0 0 0 0 0 0 0 0 4 
6 2 2 2 5 5 3 0 0 0 0 0 0 0 0 0 0 0 0 0 0 0 0 0 0 0 0 0 0 0 0 0 0 0 0 0 0 0 0 0 0 0 0 0 0 0 0 0 0 0 0 0 0 0 0 0 0 0 0 0 0 0 0 0 0 0 0 0 0 0 1 12 12 12 12 12 7 12 12 7 12 12 12 12 12 12 12 7 7 12 12 12 1 1 7 7 7 0 0 3 6 6 3 3 3 0 0 0 0 0 0 0 0 0 0 0 0 0 0 4 4 4 4 4 4 9 0 4 4 4 0 0 0 0 0 0 0 0 4 4 4 4 4 4 4 4 4 4 0 4 4 4 4 4 4 0 0 0 0 0 0 0 0 0 0 0 0 0 0 0 0 0 0 0 0 0 0 0 0 0 0 0 0 0 0 0 0 0 0 0 0 0 0 0 0 0 0 0 0 4 
6 2 2 2 5 5 3 3 0 0 0 0 0 0 0 0 0 0 0 0 0 0 0 0 0 0 0 0 0 0 0 0 0 0 0 0 0 0 0 0 0 0 0 0 0 0 0 0 0 0 0 0 0 0 0 0 0 0 0 0 0 0 0 0 0 0 0 0 0 0 1 1 12 9 7 7 7 7 7 7 7 7 7 7 7 7 7 7 9 12 12 12 12 1 1 1 7 7 7 3 6 6 3 3 0 0 0 0 0 0 0 0 0 0 0 0 0 0 0 4 4 4 0 0 0 0 0 4 4 4 0 0 0 4 4 4 4 4 4 4 4 4 4 4 4 4 4 4 0 4 4 4 4 4 4 0 0 0 0 0 0 0 0 0 0 0 0 0 0 0 0 0 0 0 0 0 0 0 0 0 0 0 0 0 0 0 0 0 0 0 0 0 0 0 0 9 0 0 0 4 
6 2 2 2 5 5 5 3 0 0 0 0 0 0 0 0 0 0 0 0 0 0 0 0 0 0 0 0 0 0 0 0 0 0 0 0 0 0 0 0 0 0 0 0 0 9 0 0 0 0 0 0 0 0 0 0 0 0 0 0 0 0 0 0 0 0 0 0 0 0 0 1 12 12 12 12 12 12 12 7 12 12 12 7 12 12 12 12 12 12 12 12 12 9 12 1 1 1 7 3 3 6 6 3 0 0 0 0 0 0 0 0 0 0 0 0 0 4 4 4 9 0 0 0 0 0 0 9 4 4 4 0 0 4 4 4 4 4 4 4 4 4 4 4 4 4 4 0 0 4 4 4 4 4 4 0 0 0 0 0 0 0 0 0 0 0 0 0 0 0 0 0 0 0 0 0 0 0 0 0 0 0 0 0 0 0 0 0 0 0 0 0 0 0 0 0 0 0 0 4 
6 2 2 2 5 5 5 3 0 0 0 0 0 0 0 0 0 0 0 0 0 0 0 0 0 0 0 0 0 0 0 0 0 0 0 0 0 0 0 0 0 0 0 0 0 0 0 0 0 0 0 0 0 0 0 0 0 0 0 0 0 0 0 0 0 0 0 0 0 0 0 1 12 12 12 12 9 12 12 7 12 12 12 7 12 12 12 12 12 12 12 12 12 7 12 12 12 1 7 0 3 6 6 3 0 0 0 0 0 0 0 0 0 0 0 0 0 4 4 4 0 0 0 0 0 0 4 4 4 4 4 4 0 4 4 4 4 4 4 4 4 4 4 4 4 4 4 0 4 4 4 4 4 4 4 0 0 0 0 0 0 0 0 0 0 0 0 0 0 0 0 0 0 0 0 0 0 0 0 0 0 0 0 0 0 0 0 0 0 0 0 0 0 0 0 0 0 0 0 4 
6 2 2 2 5 5 5 3 0 0 0 0 0 0 0 0 0 0 0 0 0 0 0 0 0 0 0 0 0 0 0 0 0 0 0 0 0 0 0 0 0 0 0 0 0 0 0 0 0 0 0 0 0 0 0 0 0 0 0 0 0 0 0 0 0 0 0 0 0 0 0 1 12 12 12 12 7 12 12 7 12 12 12 7 12 9 7 7 7 7 7 7 7 7 7 9 12 1 7 0 3 3 6 3 3 0 0 0 0 0 0 0 0 0 0 0 0 4 4 4 0 0 0 0 4 4 4 4 4 4 4 4 0 0 0 0 0 0 9 4 4 4 4 4 4 4 4 0 4 4 4 4 4 4 4 0 0 0 0 0 0 0 0 0 0 0 0 0 0 0 0 0 0 0 0 0 0 0 0 0 0 0 0 0 0 0 0 0 0 0 0 0 0 0 0 0 0 0 0 4 
6 2 2 2 5 5 5 3 0 0 0 0 0 0 0 0 0 0 0 0 0 0 0 0 0 0 0 0 0 0 0 0 0 0 0 0 0 0 0 0 0 0 0 0 0 0 0 0 0 0 0 0 0 0 0 0 0 0 0 0 0 0 0 0 0 0 0 0 0 0 0 1 12 12 12 12 7 9 12 7 12 12 12 7 7 7 7 7 9 12 12 12 12 9 12 12 1 1 7 0 0 3 6 6 3 0 0 0 0 0 0 0 0 0 0 0 0 4 4 4 0 0 0 0 4 4 4 4 4 4 4 4 0 0 0 0 0 0 0 4 4 4 4 9 0 0 0 0 4 4 4 4 4 4 4 0 0 0 0 0 0 0 0 0 0 0 0 0 0 0 0 0 0 0 0 0 0 0 0 0 0 0 0 0 0 0 0 0 0 0 0 0 0 0 0 0 0 0 0 4 
6 2 2 2 5 5 5 3 0 0 0 0 0 0 0 0 0 0 0 0 0 0 0 0 0 0 0 0 0 0 0 0 0 0 0 0 0 0 0 0 0 0 0 0 0 0 0 0 0 0 0 0 0 0 0 0 0 0 0 0 0 0 0 0 0 0 0 0 0 0 0 1 12 12 9 7 7 7 7 7 12 12 12 7 12 12 12 12 12 12 12 12 1 1 1 1 1 0 7 0 0 3 3 6 3 3 0 0 0 0 0 0 0 0 0 0 0 4 4 4 0 0 0 0 4 4 4 4 4 4 4 4 0 0 0 0 4 4 4 4 4 4 4 4 0 0 0 0 4 4 4 4 4 4 4 0 0 0 0 0 0 0 0 0 0 0 0 0 0 0 0 0 0 0 0 0 0 0 0 0 0 0 0 0 0 0 0 0 0 0 0 0 0 0 0 0 0 0 0 4 
6 2 2 2 5 5 3 0 0 0 0 0 0 0 0 0 0 0 0 0 0 0 0 0 0 0 0 0 0 0 0 0 0 0 0 0 0 0 0 0 0 0 0 0 0 0 0 0 0 0 0 0 0 0 0 0 0 0 0 0 0 0 0 0 0 0 0 0 0 0 0 1 1 12 12 12 12 12 12 7 12 12 12 7 12 12 12 12 12 12 1 1 1 0 0 0 0 0 7 0 0 0 3 6 6 3 0 0 0 0 0 0 0 0 0 0 0 0 9 4 4 4 4 0 4 4 4 4 4 4 4 4 0 4 4 4 4 4 4 4 4 4 0 0 0 4 4 0 4 4 4 4 4 4 4 0 0 0 0 0 0 0 0 0 0 0 0 0 0 0 0 0 0 0 0 0 0 0 0 0 0 0 0 0 0 0 0 0 0 0 0 0 0 0 0 0 0 0 0 4 
6 2 2 2 5 5 3 3 0 0 0 0 0 0 0 0 0 0 0 0 0 0 0 0 0 0 0 0 0 0 0 0 0 0 0 0 0 0 0 0 0 0 0 0 0 0 0 0 0 0 0 0 0 0 0 0 0 0 0 0 0 0 0 0 0 0 0 0 0 0 0 0 1 1 12 12 12 12 12 9 12 12 12 7 12 12 12 12 1 1 1 0 0 0 0 0 0 0 7 0 0 0 3 6 6 3 3 0 0 0 0 0 0 0 0 0 0 0 0 4 4 4 4 0 9 4 4 4 4 4 4 4 0 4 4 4 4 4 4 4 4 4 0 4 4 4 4 4 4 9 0 0 4 4 4 0 0 0 0 0 0 0 0 0 0 0 0 0 0 0 0 0 0 0 0 0 0 0 0 0 0 0 0 0 0 0 0 0 0 0 0 0 0 0 0 0 0 0 0 4 
6 2 2 2 5 5 5 3 0 0 0 0 0 0 0 0 0 0 0 0 0 0 0 0 0 0 0 0 0 0 0 0 0 0 0 0 0 0 0 0 0 0 0 0 0 0 0 0 0 0 0 0 0 0 0 0 0 0 0 0 0 0 0 0 0 0 0 0 0 0 0 0 0 1 1 1 1 12 12 12 12 12 12 7 12 1 1 1 1 0 0 0 0 0 0 0 0 0 7 0 0 0 3 3 6 6 3 0 0 0 0 0 0 0 0 0 0 0 0 4 4 4 4 0 0 4 4 4 4 4 4 4 0 4 4 4 4 4 4 4 4 4 0 0 4 4 4 4 4 0 0 0 0 0 0 0 0 0 0 0 0 0 0 0 0 0 0 0 0 0 0 0 0 0 0 0 0 0 0 0 0 0 0 0 0 0 0 0 0 0 0 0 0 0 0 0 0 0 0 4 
6 2 2 2 5 5 5 3 0 0 0 0 0 0 0 0 0 0 0 0 0 0 0 0 0 0 0 0 0 0 0 0 0 0 0 0 0 0 0 0 0 0 0 0 0 0 0 0 0 0 0 0 0 0 0 0 0 0 0 0 0 0 0 0 0 0 0 0 0 0 0 0 0 0 0 0 1 1 1 1 1 1 1 11 1 1 0 0 0 0 0 0 0 0 0 0 0 0 7 0 0 0 0 3 6 6 3 3 0 0 0 0 0 0 0 0 0 0 0 0 4 4 4 0 0 0 0 0 4 4 4 0 0 4 4 4 4 4 4 4 4 4 4 0 4 4 4 4 4 0 0 4 4 4 0 0 0 0 0 0 0 0 0 0 0 0 0 0 0 0 0 0 0 0 0 0 0 0 0 0 0 0 0 0 0 0 0 0 0 0 0 0 0 0 0 0 0 0 0 4 
6 2 2 2 5 5 5 3 0 0 0 0 0 0 0 0 0 0 0 0 0 0 0 0 0 0 0 0 0 0 0 0 0 0 0 0 0 0 0 0 0 0 0 0 0 0 0 0 0 0 4 4 4 4 4 0 4 4 4 4 0 0 0 0 0 0 0 0 0 0 0 0 0 0 0 0 0 0 0 0 0 0 0 7 0 0 0 0 0 0 0 0 0 0 0 0 0 0 7 0 0 0 0 3 3 6 6 3 0 0 0 0 0 0 0 0 0 0 0 0 0 0 0 0 4 4 4 4 0 0 0 0 0 0 0 4 4 4 4 4 4 4 4 9 4 4 4 4 0 0 0 4 4 4 0 0 0 0 0 0 0 0 0 0 0 0 0 0 0 0 0 0 0 0 0 0 1 1 1 1 1 1 1 1 1 1 1 1 1 1 1 1 1 0 0 0 0 0 0 4 
6 2 2 2 5 5 5 3 0 0 0 0 0 0 0 0 0 0 0 0 0 0 0 0 0 0 0 0 0 0 0 0 0 0 0 0 0 0 0 0 0 0 0 0 0 0 0 0 0 0 4 4 4 4 4 0 4 4 4 4 0 0 0 0 0 0 0 0 0 0 0 0 0 0 0 0 0 0 0 0 0 0 0 7 0 0 0 0 0 0 0 0 0 0 0 0 0 0 7 0 0 0 0 0 3 6 6 3 3 0 0 0 0 0 0 0 0 0 0 0 0 0 0 4 4 4 4 4 4 0 4 4 4 0 0 0 0 0 9 4 4 4 4 4 4 4 4 4 0 0 0 4 4 4 0 0 0 0 0 0 0 0 0 0 1 1 1 1 1 1 1 1 1 1 1 1 1 12 12 12 12 12 12 12 12 12 12 12 12 12 12 12 1 1 0 0 0 0 0 4 
6 2 2 2 5 5 3 3 0 0 0 0 0 0 0 0 0 0 0 0 0 0 0 0 0 0 0 0 0 0 0 0 0 0 0 0 0 0 4 4 4 0 0 0 0 0 0 4 4 4 4 4 4 4 4 4 4 4 4 4 0 4 4 4 4 4 0 0 0 0 0 0 0 0 0 0 0 0 0 0 0 0 0 7 0 0 0 0 0 0 0 0 0 0 0 0 0 0 7 7 0 0 0 0 3 3 6 6 3 0 0 0 0 0 0 0 0 0 0 0 0 0 0 4 4 4 4 4 4 4 4 4 4 4 0 4 4 4 4 9 0 4 4 4 4 4 4 4 4 0 0 4 4 4 0 0 0 0 0 0 0 0 0 0 1 12 12 12 12 12 12 12 12 12 12 12 12 12 12 12 12 12 12 9 12 12 12 12 12 12 12 12 12 1 0 0 0 0 0 4 
6 2 2 2 5 5 3 3 0 0 0 0 0 0 0 0 0 0 0 0 0 0 0 0 0 0 0 0 0 0 0 0 0 0 0 0 0 0 4 4 4 0 0 0 0 0 4 4 4 4 0 0 4 4 4 4 4 4 4 0 0 4 4 4 4 4 0 0 4 4 4 4 4 0 0 0 0 0 0 0 0 0 0 7 0 0 0 0 0 0 0 0 0 0 0 0 0 0 0 7 0 0 0 0 0 3 6 6 3 3 0 0 0 0 0 0 0 0 0 0 0 0 0 0 4 4 4 4 4 4 4 4 4 4 0 4 4 4 4 0 0 4 4 4 4 4 4 4 4 9 0 4 4 4 0 0 0 0 0 0 0 0 0 1 1 12 12 12 12 12 12 12 12 12 12 12 12 12 12 12 12 12 12 7 12 12 12 12 12 12 12 12 12 1 0 0 0 0 0 4 
6 2 2 2 5 5 3 0 0 0 0 0 0 0 0 0 0 0 0 0 0 0 0 0 0 0 0 0 0 0 0 0 0 0 0 0 0 0 4 4 4 0 0 0 0 0 4 4 4 4 9 0 4 4 4 4 4 4 4 0 0 4 4 4 4 4 0 0 4 4 4 4 4 0 0 0 0 0 0 0 0 0 0 7 0 0 0 0 0 0 0 0 0 0 0 0 0 0 0 7 0 0 0 0 0 3 3 6 6 3 3 0 0 0 0 0 0 0 0 0 0 0 0 0 0 0 4 4 4 4 4 4 4 4 0 4 4 4 4 0 0 4 4 4 9 4 4 4 4 4 4 0 0 0 0 0 0 0 0 0 0 1 1 1 12 12 12 12 12 12 12 12 12 12 12 12 12 12 12 12 12 12 12 7 12 12 12 12 12 9 12 12 12 1 3 3 0 0 0 4 
6 2 2 2 5 5 3 0 0 0 0 0 0 0 0 0 0 0 0 0 0 0 0 0 0 0 0 0 0 0 0 0 0 0 0 0 0 0 4 4 4 0 4 4 4 4 4 4 4 4 3 3 3 3 3 4 4 4 4 0 0 0 0 0 9 4 4 4 4 4 4 4 4 0 0 0 0 0 0 0 0 0 7 7 0 0 0 0 0 0 0 0 0 0 0 0 0 0 0 7 7 0 0 0 0 0 3 6 6 6 3 0 0 0 0 0 0 0 0 0 0 0 0 0 0 0 0 4 4 4 4 4 9 0 0 4 4 4 4 4 0 0 0 0 0 0 9 4 4 4 4 0 0 0 0 0 0 0 0 1 1 1 12 12 12 12 12 12 7 12 12 12 12 12 9 12 12 12 7 7 7 7 7 7 7 7 7 7 7 7 7 7 7 11 3 3 3 3 3 4 
6 2 2 2 5 5 3 0 0 0 0 0 0 0 0 0 0 0 0 0 0 0 0 0 0 0 0 0 0 0 0 0 0 0 0 0 0 0 0 0 0 0 4 4 4 4 4 4 0 3 3 0 4 4 4 4 4 4 4 0 0 0 0 0 4 4 4 4 0 0 4 4 4 0 4 4 4 4 0 0 0 0 7 0 0 0 0 0 0 0 0 0 0 0 0 0 0 0 0 0 7 7 0 0 0 0 3 3 6 6 3 3 0 0 0 0 0 0 0 0 0 0 0 0 0 0 0 4 4 4 4 4 4 4 4 4 4 4 4 4 4 4 0 4 4 4 4 4 4 4 4 0 0 0 0 0 0 1 1 1 12 12 12 12 12 9 12 12 7 12 12 12 12 12 7 7 7 7 7 9 12 12 12 7 12 12 12 12 12 12 12 12 12 1 3 3 3 3 5 4 
6 2 2 2 5 5 3 0 0 0 0 0 0 0 0 0 0 0 0 0 0 0 0 0 0 0 0 0 0 0 0 0 0 0 0 0 0 4 4 4 4 4 4 4 4 4 4 4 0 3 9 0 4 4 4 4 4 4 4 0 0 0 0 0 4 4 4 4 0 0 0 4 4 4 4 4 4 4 4 0 0 7 7 0 0 0 0 0 0 0 0 0 0 0 0 0 0 0 0 0 0 7 7 0 0 0 0 3 3 6 6 3 0 0 0 0 0 0 0 0 0 0 0 0 0 0 0 0 4 4 4 4 4 4 4 4 4 4 4 4 4 4 0 4 4 4 4 4 4 4 4 0 0 0 0 1 1 1 12 12 12 12 12 12 12 7 12 12 7 12 12 12 12 12 7 12 12 12 12 12 12 12 12 7 8 8 8 12 12 12 12 12 12 1 3 3 5 5 5 4 
6 2 2 2 5 5 3 0 0 0 0 0 0 0 0 0 0 0 0 0 0 0 0 0 0 0 0 0 0 0 0 0 0 0 0 0 4 4 4 4 4 4 4 4 4 4 4 4 3 3 4 4 4 4 4 4 4 4 0 0 0 4 4 4 4 4 4 4 0 0 0 0 0 0 4 4 4 4 4 4 0 7 0 0 0 0 0 0 0 0 0 0 0 0 0 0 0 0 0 0 0 0 7 7 0 0 0 3 3 6 6 3 3 0 0 0 0 0 0 0 0 0 0 0 0 0 0 0 0 0 0 4 4 4 4 4 9 0 0 0 0 0 0 4 4 4 4 4 4 4 0 0 0 0 1 1 12 12 12 12 12 12 12 12 12 7 7 7 7 12 12 7 7 7 7 12 12 12 12 12 12 12 12 7 8 8 8 12 12 12 12 12 1 1 3 3 5 5 5 4 
6 2 2 2 5 5 3 3 0 0 0 0 0 0 0 0 0 0 0 0 0 0 0 0 0 0 0 0 0 0 0 0 0 0 0 4 4 4 4 4 4 4 4 4 4 4 4 4 3 4 4 4 4 4 4 4 4 4 9 4 4 4 4 4 4 4 4 4 4 9 3 3 3 3 3 1 4 4 4 4 7 7 0 0 0 0 0 0 0 0 0 0 0 0 0 0 0 0 0 0 0 0 0 7 0 0 0 0 3 3 6 6 3 3 0 0 0 0 0 0 0 0 0 0 0 0 0 0 0 0 0 0 0 0 0 0 0 0 0 0 0 0 0 0 0 0 0 0 0 0 0 0 0 1 1 12 12 12 12 12 12 12 12 12 12 12 9 7 7 7 7 7 9 12 12 12 12 12 12 12 12 12 12 7 8 8 8 12 12 12 12 12 1 9 5 5 5 5 5 4 
6 2 2 2 5 5 5 3 0 0 0 0 0 9 0 0 0 0 0 0 0 0 0 0 0 0 0 0 0 0 0 0 0 0 4 4 4 4 4 4 4 4 4 4 4 4 4 3 3 4 4 4 4 4 4 4 4 4 4 4 4 4 4 4 4 4 4 4 4 3 3 4 4 4 3 11 3 4 4 4 3 0 0 0 0 0 0 0 0 0 0 0 0 0 0 0 0 0 0 0 0 0 0 7 7 0 0 0 0 3 6 6 6 3 3 0 0 0 0 0 0 0 0 0 0 0 0 0 0 0 0 0 0 0 0 0 0 0 0 0 0 0 0 0 0 0 0 0 0 0 0 0 0 1 12 12 12 12 9 7 7 7 12 12 12 12 12 12 7 12 12 12 12 12 12 12 12 12 12 12 12 12 12 7 12 12 12 12 12 12 12 12 1 5 5 5 5 5 5 4 
6 2 2 2 5 5 5 3 0 0 0 0 0 0 0 0 0 0 0 0 0 0 0 0 0 0 0 0 0 0 0 0 0 4 4 4 4 4 0 0 4 4 4 4 4 4 4 3 0 0 4 4 4 4 4 4 4 4 4 4 4 4 4 0 4 4 4 4 4 3 0 4 4 4 4 1 3 3 3 3 3 9 0 0 0 0 0 0 0 0 0 0 0 0 0 0 0 0 0 0 0 0 0 0 7 7 0 0 0 3 3 6 6 6 3 3 3 0 0 0 0 0 0 0 0 0 0 0 0 0 0 0 0 0 0 0 0 0 0 0 0 0 0 0 0 0 0 0 0 0 0 0 0 1 12 12 12 12 12 12 9 7 12 12 12 12 12 12 7 12 12 12 12 12 12 12 12 12 12 12 12 12 12 7 9 12 12 12 12 12 12 12 1 5 5 5 5 5 5 4 
6 2 2 2 5 5 5 3 0 0 0 0 0 0 0 0 0 0 0 0 0 0 0 0 0 0 0 0 0 0 0 0 4 4 4 4 4 0 0 0 4 4 4 4 4 4 4 3 0 0 0 4 4 4 4 4 4 4 4 4 4 0 0 0 4 4 4 4 9 3 4 4 4 4 4 4 4 4 1 3 1 4 4 0 0 0 0 0 0 0 0 0 0 0 0 0 0 0 0 0 0 0 0 0 0 7 0 0 0 0 3 3 3 6 6 6 3 3 3 3 0 0 0 0 0 0 0 0 0 0 0 0 0 0 0 0 0 0 0 0 0 0 0 0 0 0 0 0 0 0 0 0 0 1 12 12 12 12 12 12 12 7 7 12 12 12 12 12 7 12 12 12 12 12 12 12 12 12 12 12 12 12 7 7 7 7 7 7 12 12 12 12 1 5 5 5 5 5 5 4 
6 2 2 2 5 5 5 3 0 0 0 0 0 0 0 0 0 0 0 0 0 0 0 0 0 0 0 0 0 0 0 4 4 4 4 4 4 4 4 4 4 0 0 0 0 0 0 3 9 0 0 9 4 4 4 4 4 4 4 4 0 0 0 0 4 4 4 4 3 3 4 4 4 4 4 4 4 4 1 11 1 4 4 4 0 0 0 0 0 0 0 0 0 0 0 0 0 0 0 0 0 0 0 0 0 7 7 0 0 0 0 0 3 3 3 6 6 6 6 3 3 3 3 0 0 0 0 0 0 0 0 0 0 0 0 0 0 0 0 0 0 0 0 0 0 0 0 0 0 0 0 0 0 1 12 12 12 12 12 12 12 12 7 7 7 7 7 7 7 12 12 12 12 12 12 12 12 12 12 12 7 7 7 12 12 12 12 7 12 12 12 1 1 5 5 5 5 5 5 4 
6 2 2 2 5 5 5 3 0 0 0 0 0 0 0 0 0 0 0 0 0 0 0 0 0 0 0 0 0 0 0 4 4 4 4 4 4 4 4 4 4 9 3 3 3 3 3 3 3 4 4 4 4 4 4 4 4 4 4 4 0 3 3 3 3 3 3 3 3 0 4 4 4 0 4 4 4 4 1 3 1 4 4 4 0 0 0 0 0 0 0 0 0 0 0 0 0 0 0 0 0 0 0 0 0 0 7 7 0 0 0 0 0 0 3 3 3 6 6 6 6 6 3 3 0 0 0 0 0 0 0 0 0 0 0 0 0 0 0 0 0 0 0 0 3 3 3 3 3 3 3 3 3 1 12 12 12 12 12 12 12 12 12 7 12 12 12 12 7 12 12 12 12 12 12 7 7 7 7 12 7 9 12 12 12 12 12 9 12 12 1 1 5 5 5 5 5 5 5 4 
6 2 2 2 5 5 5 3 0 0 0 0 0 0 0 3 3 3 3 0 0 0 0 0 0 0 0 4 4 4 4 4 4 4 9 0 0 4 4 4 4 3 3 4 4 4 4 4 3 4 4 4 4 4 4 4 0 0 0 0 3 3 4 4 4 4 4 4 9 0 4 4 4 0 0 4 4 4 4 3 0 4 4 4 4 0 0 0 0 0 0 0 0 0 0 0 0 0 0 0 0 0 0 0 0 0 0 7 0 0 0 0 0 0 0 0 3 3 3 6 6 6 6 3 3 0 0 0 0 0 0 0 0 0 0 0 0 0 0 3 3 3 3 3 3 3 5 5 5 5 5 5 5 1 12 12 12 12 12 12 12 12 12 7 12 12 12 12 7 12 12 12 12 12 12 7 12 12 7 7 7 12 12 12 12 12 12 12 12 12 1 5 5 5 5 5 5 5 5 4 
6 2 2 2 5 5 5 3 0 0 0 0 0 0 3 3 0 0 0 0 0 0 0 0 0 4 4 4 4 4 4 0 0 3 3 3 3 4 4 3 3 3 9 4 4 4 4 4 3 4 4 4 4 4 4 0 0 0 3 3 3 4 4 4 4 0 0 0 0 0 4 4 4 0 4 4 4 4 9 3 4 4 4 4 4 0 0 0 0 0 0 0 0 0 0 0 0 0 0 0 0 0 0 0 0 0 0 7 0 0 0 0 0 0 0 0 0 0 3 3 6 6 6 6 3 3 3 0 0 0 0 0 0 3 3 3 3 3 3 3 5 5 5 5 5 5 5 5 5 5 5 5 5 1 12 12 12 12 12 12 12 12 12 7 7 12 12 12 7 12 12 12 12 9 7 7 12 12 12 12 12 12 12 12 12 12 12 12 12 1 1 5 5 5 5 5 5 5 5 4 
6 2 2 2 5 5 3 3 0 0 0 0 3 3 3 0 0 0 0 0 0 0 0 4 4 4 4 4 4 4 4 3 3 3 4 3 3 4 4 3 4 4 4 4 4 4 4 4 3 3 3 3 3 3 3 3 3 3 3 9 4 4 4 4 4 0 0 0 0 0 0 0 0 0 4 4 4 4 0 3 4 4 4 4 4 0 0 0 0 0 0 0 0 0 0 0 0 0 0 0 0 0 0 0 0 0 0 7 0 0 0 0 0 0 0 0 0 0 0 3 3 3 6 6 6 6 3 3 3 3 0 0 0 3 5 5 5 5 5 5 5 5 5 5 5 5 5 5 5 5 5 5 5 1 12 12 12 12 12 12 12 12 7 7 7 12 12 12 7 7 7 7 7 7 7 12 12 12 12 12 12 12 12 12 12 12 12 12 1 1 5 5 5 5 5 5 5 5 5 4 
6 2 2 2 5 5 3 0 0 0 0 3 3 0 0 0 0 0 0 0 0 0 4 4 4 4 4 4 4 0 3 3 9 0 4 3 3 3 3 3 4 4 4 4 4 4 4 4 4 4 4 4 4 4 9 4 4 4 4 4 4 4 4 4 4 4 4 4 0 0 0 0 0 0 4 4 4 4 3 3 4 4 4 4 0 0 0 0 0 0 0 0 0 0 0 0 0 0 0 0 0 0 0 0 0 0 0 7 0 0 0 0 0 0 0 0 0 0 0 0 0 3 3 6 6 6 6 6 6 3 3 3 0 3 5 5 5 5 5 5 5 5 5 5 5 5 5 5 5 5 5 5 5 1 12 12 12 12 12 12 7 7 7 9 12 12 12 12 7 12 12 12 12 12 12 12 12 12 12 12 12 12 12 12 12 12 1 1 1 5 5 5 5 5 5 5 5 5 3 4 
6 2 2 2 5 5 3 0 0 0 0 3 0 0 0 0 0 4 4 4 4 4 4 4 4 4 4 4 4 4 3 3 0 0 4 4 4 4 4 4 4 4 4 4 4 4 4 4 4 4 4 4 4 4 4 4 4 4 4 4 4 4 4 4 4 4 4 4 4 4 4 0 0 0 4 4 4 9 3 0 4 4 4 4 4 4 0 0 0 0 0 0 0 0 0 0 0 0 0 0 0 0 0 0 0 0 0 7 7 0 0 0 0 0 0 0 0 0 0 0 0 0 0 3 3 3 3 6 6 6 6 3 3 3 3 5 5 5 5 5 5 5 5 5 5 5 5 5 5 5 5 5 5 1 12 12 9 7 7 7 7 12 12 12 12 12 12 12 7 12 12 12 12 12 12 12 12 12 12 12 12 12 12 1 1 1 1 5 5 5 5 5 5 5 3 3 3 3 3 6 
6 2 2 2 5 5 3 0 1 1 1 11 1 1 1 0 0 4 4 4 4 4 4 4 4 9 0 4 4 4 9 3 3 0 0 9 4 4 4 0 0 9 4 4 4 0 4 4 4 4 4 4 4 4 4 4 4 4 4 4 4 4 4 4 4 4 4 4 4 4 4 4 4 4 0 3 3 3 3 0 0 4 4 4 4 4 4 4 4 0 0 0 0 0 0 0 0 0 0 0 0 0 0 0 0 0 0 0 7 7 0 0 0 0 0 0 0 0 0 0 0 0 0 0 3 3 3 3 3 6 6 6 6 6 3 3 5 5 5 5 5 5 5 5 5 5 5 5 5 5 5 5 5 1 1 12 12 12 12 12 12 12 12 12 12 12 12 12 7 12 12 12 12 12 12 12 12 1 1 1 1 1 1 1 5 5 5 5 5 5 5 5 3 3 3 3 6 6 6 6 
6 2 2 2 5 5 3 0 1 9 7 7 7 9 1 0 0 4 4 4 4 4 4 4 0 0 0 4 4 4 4 4 4 0 0 0 0 0 0 0 0 0 4 4 4 4 4 4 4 4 4 4 4 4 4 4 4 4 4 4 4 4 4 4 4 4 4 4 4 4 4 4 4 4 0 3 4 4 4 4 0 0 4 4 4 4 4 4 4 4 4 0 0 0 0 0 0 0 0 0 0 0 0 0 0 0 0 0 0 7 7 7 7 7 7 0 0 0 0 0 0 0 0 0 0 0 0 0 3 3 6 6 6 6 6 3 3 5 5 5 5 5 5 5 5 5 5 5 5 5 5 5 5 5 1 1 12 12 12 12 12 12 12 12 9 7 7 7 7 12 12 12 12 12 12 1 1 1 5 5 5 5 5 5 5 5 5 3 3 3 3 3 3 6 6 6 6 6 3 4 
6 2 2 2 5 5 3 0 1 7 7 7 7 7 1 0 0 4 4 4 0 0 0 0 0 0 0 0 0 0 4 4 4 4 0 0 0 0 0 0 0 0 4 4 4 4 4 4 4 4 4 0 0 0 0 0 4 4 4 4 4 4 4 4 4 4 0 0 0 4 4 4 4 3 3 3 4 4 4 4 0 0 4 4 4 4 4 4 4 4 4 4 0 0 0 0 0 0 0 0 0 0 0 0 0 0 0 0 0 0 0 0 0 0 7 7 7 0 0 0 0 0 0 0 0 0 0 0 0 3 3 3 6 6 6 6 3 3 5 5 5 5 5 5 5 5 5 5 5 5 5 5 5 5 5 1 1 12 12 12 12 12 12 12 12 12 12 12 7 12 12 12 12 1 1 1 5 5 5 5 5 5 5 5 3 3 3 3 6 6 6 6 6 6 6 3 3 3 3 4 
6 2 2 2 5 5 3 3 1 7 7 9 7 7 11 3 3 3 3 3 0 0 0 0 0 0 0 0 0 0 4 4 4 4 0 0 0 0 0 0 0 0 4 4 4 4 4 4 4 4 4 4 4 4 4 0 0 0 0 0 0 0 4 4 4 4 4 4 4 4 0 3 3 3 4 4 4 4 4 4 0 4 4 4 4 4 4 4 4 4 4 4 4 0 0 0 0 0 0 0 0 0 0 0 0 0 0 0 0 0 0 0 0 0 0 0 7 7 7 7 0 0 0 0 0 0 0 0 0 0 0 3 3 6 6 6 6 3 3 5 5 5 5 5 5 5 5 5 5 5 5 5 5 5 5 5 1 1 12 12 12 12 12 12 12 12 12 12 7 12 12 1 1 1 5 5 5 5 5 3 3 3 3 3 3 6 6 6 6 6 6 3 3 3 3 3 5 5 5 4 
6 2 2 2 5 5 5 3 1 7 7 7 7 7 1 0 0 0 0 4 4 4 0 0 0 0 0 0 4 4 4 4 4 4 4 0 0 0 0 0 0 0 9 4 4 4 4 4 4 4 4 4 4 4 4 4 4 4 4 4 4 4 4 4 4 4 4 4 4 4 9 3 4 4 4 4 4 4 4 4 0 4 4 4 4 0 4 4 4 4 4 4 4 4 0 0 0 0 0 0 0 0 0 0 0 0 0 0 0 0 0 0 0 0 0 0 0 0 0 7 7 7 7 7 7 0 0 0 0 0 0 0 3 3 6 6 6 6 3 3 5 5 5 5 5 5 5 5 5 5 5 5 5 5 5 5 5 1 1 1 1 1 1 1 1 1 12 12 7 12 1 1 5 5 5 5 3 3 3 3 6 6 6 6 6 6 6 6 3 3 3 3 5 5 5 5 5 5 5 1 
6 2 2 2 5 5 5 3 1 9 7 7 7 9 1 0 4 4 4 4 4 4 0 0 0 0 0 0 4 4 4 4 4 4 4 4 0 0 0 0 0 0 4 4 4 4 4 4 4 4 4 4 4 4 4 4 4 4 4 4 4 4 4 4 4 4 4 4 4 4 4 3 4 4 4 4 4 4 4 0 4 4 4 4 4 0 4 4 4 9 4 4 4 4 0 0 0 0 0 0 0 0 0 0 0 0 0 0 0 0 0 0 0 0 0 0 0 0 0 0 0 0 0 0 7 7 7 0 0 0 0 0 0 3 3 6 6 6 6 3 3 3 5 5 5 5 5 5 5 5 5 5 5 5 5 5 5 5 5 5 5 5 5 5 5 1 1 1 11 1 1 5 5 5 5 3 3 3 6 6 6 6 3 3 3 3 3 3 3 5 5 5 5 5 5 5 1 1 1 1 
6 2 2 2 5 5 5 3 1 1 11 1 1 1 1 0 4 4 4 4 4 4 0 0 0 0 0 0 4 4 4 4 4 4 4 4 4 4 9 4 4 4 4 4 4 4 4 4 4 4 4 4 4 0 0 4 4 4 4 4 4 4 0 0 4 4 4 4 4 4 4 3 4 4 4 4 4 4 4 4 4 4 4 4 4 4 4 4 4 0 0 4 4 4 4 0 0 0 0 0 0 0 0 0 0 0 0 0 0 0 0 0 0 0 0 0 0 0 0 0 0 0 0 0 0 0 7 7 7 0 0 0 0 0 3 3 3 6 6 6 6 3 3 3 3 3 3 5 5 5 5 5 3 3 3 3 5 5 5 5 5 5 5 5 5 5 5 5 5 5 5 5 5 3 3 3 6 6 6 3 3 3 3 5 5 5 5 5 5 5 5 5 5 5 1 1 1 12 12 12 
6 2 2 2 5 5 5 3 0 0 3 0 0 0 0 0 4 4 4 4 4 0 0 0 0 0 0 0 0 0 0 0 0 0 4 4 4 4 4 4 4 4 4 4 4 4 4 4 4 4 4 4 4 0 0 0 0 0 0 0 0 4 4 4 4 4 4 4 4 4 4 3 3 9 4 4 4 4 4 4 4 4 4 4 4 4 4 4 4 4 0 4 4 4 4 4 0 0 0 0 0 0 0 0 0 0 0 0 0 0 0 0 0 0 0 0 0 0 0 0 0 0 0 0 0 0 0 0 7 7 7 7 0 0 0 0 3 3 3 3 6 6 6 6 6 3 3 3 3 3 3 3 3 2 2 3 3 3 3 3 3 3 3 3 3 3 3 3 3 3 3 3 3 3 6 6 6 3 3 3 5 5 5 5 5 5 5 5 5 5 5 1 1 1 1 12 12 12 12 12 
6 2 2 2 5 5 5 3 0 0 3 3 0 0 0 0 0 0 0 0 0 0 0 0 0 0 0 0 0 0 0 0 0 0 0 4 4 4 4 4 4 4 4 4 4 4 4 4 4 4 4 4 4 0 0 0 0 0 0 4 4 4 4 4 4 4 4 0 0 0 4 4 3 0 4 4 4 4 4 4 4 4 4 4 4 4 4 4 4 4 0 0 4 4 4 4 0 0 0 0 0 0 0 0 0 0 0 0 0 0 0 0 0 0 0 0 0 0 0 0 0 0 0 0 0 0 0 0 0 0 0 7 0 0 0 0 3 5 5 3 3 3 6 6 6 6 6 6 6 6 6 6 6 6 6 6 6 6 6 6 6 6 6 6 6 6 6 6 6 6 6 10 10 6 6 3 3 3 5 5 5 5 5 5 1 1 1 1 1 1 1 1 12 12 12 12 7 7 7 12 
6 2 2 2 5 5 5 3 0 0 0 3 0 0 0 0 0 0 0 0 0 0 0 0 0 0 0 0 0 0 0 0 0 0 0 0 0 0 0 0 4 4 4 4 4 4 4 4 4 9 0 0 4 4 4 0 0 0 0 4 4 4 4 4 4 4 4 9 0 0 0 3 3 4 4 4 4 0 4 4 4 0 0 4 4 4 4 4 4 4 0 0 0 4 4 4 0 0 0 0 0 0 0 0 0 0 0 0 0 0 0 0 0 0 0 0 0 0 0 0 0 0 0 0 0 0 0 0 0 0 0 7 7 7 7 7 7 7 5 5 5 3 3 3 3 3 6 6 6 6 6 6 6 6 6 6 6 6 6 6 6 6 6 6 6 6 6 6 6 6 6 10 10 3 3 3 5 5 5 5 5 1 1 1 1 12 12 12 12 12 12 12 12 12 12 7 7 9 12 12 
6 2 2 2 5 5 3 3 0 0 0 3 0 0 0 0 1 1 1 1 1 1 1 1 1 1 1 1 1 1 1 0 0 0 0 0 0 0 0 0 4 4 0 0 0 0 4 4 4 0 0 0 4 4 4 4 4 4 4 4 4 4 4 4 4 4 4 3 3 3 3 3 3 4 4 4 4 4 4 4 4 4 0 4 4 4 4 4 4 4 4 0 0 0 0 0 0 0 0 0 0 0 0 0 0 0 0 0 0 0 0 0 0 0 0 0 0 0 0 0 0 0 0 0 0 0 0 0 0 0 0 0 0 0 0 0 3 7 7 7 5 5 5 5 5 3 3 3 3 3 3 3 3 3 3 3 3 3 3 3 3 3 3 3 3 3 3 3 3 3 3 3 3 3 5 5 5 5 1 1 1 1 12 12 12 12 9 12 12 12 7 7 7 7 7 7 12 12 12 12 
6 2 2 2 5 5 3 0 0 0 0 0 0 0 1 1 1 12 12 12 12 12 12 12 12 12 12 12 12 1 1 1 1 1 1 1 1 1 1 1 4 4 0 0 0 0 0 0 0 0 0 0 4 4 4 4 4 4 4 4 4 4 4 4 4 4 4 3 4 4 4 0 3 4 4 4 4 4 4 4 4 4 0 0 4 4 4 4 4 4 4 4 4 0 0 0 0 0 0 0 0 0 0 0 0 0 0 0 0 0 0 0 0 0 0 0 0 0 0 0 0 0 0 0 0 0 0 0 0 0 0 0 0 0 0 0 3 3 5 7 7 7 5 5 5 5 5 5 5 5 5 5 5 5 5 5 5 5 5 5 5 5 5 5 5 1 1 1 5 5 5 5 5 5 5 1 1 1 1 12 12 12 12 12 12 7 7 7 7 7 7 12 12 7 12 12 12 12 12 12 
6 2 2 2 5 5 3 0 0 0 0 0 0 1 1 12 12 12 12 12 12 12 12 12 12 12 12 12 12 12 12 12 12 12 12 12 12 12 12 1 1 0 0 0 0 0 0 0 0 0 0 0 0 4 4 4 4 4 4 4 4 4 0 9 3 3 3 3 4 4 4 0 3 0 4 4 4 4 4 4 4 4 4 9 4 4 4 4 4 4 4 4 4 4 4 0 0 0 0 0 0 0 0 0 0 0 0 0 0 0 0 0 0 0 0 0 0 0 0 0 0 0 0 0 0 0 0 0 0 0 0 0 0 0 0 0 0 3 3 5 5 7 7 7 7 5 5 5 5 5 5 5 5 5 5 5 5 5 5 5 5 5 5 5 5 1 9 1 5 5 5 5 1 1 1 1 12 12 12 12 7 7 7 7 7 7 12 12 12 12 12 12 12 7 7 12 12 12 9 12 
6 2 2 2 5 5 3 0 0 0 0 0 1 1 12 12 12 12 12 12 12 12 9 12 12 12 12 12 12 12 12 12 12 12 12 12 12 12 12 1 1 1 0 0 0 0 0 0 0 0 0 0 0 0 0 0 0 4 4 4 4 4 4 3 3 9 0 0 4 4 4 4 3 0 4 4 4 4 4 4 4 4 3 3 9 4 4 4 4 4 4 4 4 4 4 0 0 0 0 0 0 0 0 0 0 0 0 0 0 0 0 0 0 0 0 0 0 0 0 0 9 0 0 0 0 0 0 0 0 0 0 0 0 0 0 0 0 0 3 3 3 5 5 5 7 7 7 7 7 7 7 5 5 5 5 5 5 5 5 5 5 5 5 5 1 1 7 1 1 1 1 11 1 12 12 12 12 12 12 12 9 12 12 12 12 7 12 12 12 12 12 12 12 12 7 12 12 7 7 12 
6 2 2 2 5 5 3 0 0 0 0 1 1 12 12 12 12 12 12 12 12 12 7 12 12 12 12 12 12 12 12 12 9 7 7 12 12 12 12 12 12 1 1 1 0 0 0 0 0 0 0 0 0 0 0 0 0 4 4 4 4 4 4 3 0 0 0 0 4 4 4 4 3 9 0 4 4 4 4 4 4 3 3 4 4 4 4 4 4 4 4 4 4 4 4 4 4 4 4 0 0 0 0 0 0 0 0 0 0 0 0 0 0 0 0 0 0 0 0 0 0 0 0 0 0 0 0 0 0 0 0 0 0 0 0 0 0 0 0 3 3 3 3 5 5 5 5 5 5 5 7 7 7 5 5 5 5 5 5 5 5 5 5 5 1 12 7 12 12 12 12 7 12 12 12 12 12 12 12 12 12 12 12 12 12 7 12 12 12 12 12 12 12 12 7 12 7 7 12 12 
6 2 2 2 5 5 3 0 0 0 0 1 12 12 12 12 12 12 12 12 12 12 7 12 12 12 12 12 12 12 12 12 12 12 7 7 7 7 7 7 12 12 1 1 1 0 0 0 0 0 0 0 0 0 0 0 0 0 9 4 4 4 4 3 0 0 0 0 0 4 4 4 3 9 4 4 4 4 4 0 4 3 4 4 4 4 4 4 4 4 4 4 9 0 0 4 4 4 4 0 0 0 0 0 0 0 0 0 0 0 0 0 0 0 0 0 0 0 0 0 0 0 0 0 0 0 0 0 0 0 0 0 0 0 0 0 0 0 0 0 0 0 0 3 5 5 5 5 5 5 5 5 7 7 7 7 7 7 7 5 5 5 5 5 1 12 7 12 12 12 12 7 12 12 12 12 12 12 12 12 12 9 12 12 12 7 12 12 12 12 12 12 12 12 7 7 7 12 12 12 
6 2 2 2 5 5 3 0 0 0 1 1 12 12 12 12 12 12 12 12 12 12 7 7 7 12 12 12 12 12 12 12 12 12 12 12 12 12 12 7 12 12 12 12 1 1 0 0 0 0 0 0 0 0 0 0 0 0 0 0 0 4 4 3 3 0 0 0 0 0 3 3 3 3 3 3 3 3 3 3 3 3 4 4 4 4 4 9 4 4 4 4 0 0 0 4 4 4 4 4 4 0 0 0 0 0 0 0 0 0 0 0 0 0 0 0 0 0 0 0 0 0 0 0 0 0 0 0 0 0 0 0 0 0 0 0 0 0 0 0 0 0 0 3 3 5 5 5 5 5 5 5 5 5 5 5 5 5 7 7 7 7 7 7 11 7 7 7 7 7 7 7 12 12 12 12 12 12 12 12 12 7 12 12 12 7 12 12 12 12 12 12 12 12 7 12 12 12 12 12 
6 2 2 2 5 5 3 0 0 0 1 12 12 12 12 12 12 12 12 12 12 12 12 12 7 7 7 7 7 7 7 7 12 12 12 12 12 12 12 7 12 12 12 12 12 1 0 0 0 0 0 0 0 0 3 3 3 3 3 3 3 3 3 3 3 3 3 3 3 3 3 4 4 4 4 4 4 0 3 3 4 4 4 4 4 0 0 0 4 4 4 4 4 0 0 0 4 4 4 4 4 0 0 0 0 0 0 0 0 0 0 0 0 0 0 0 0 0 0 0 0 0 0 0 0 0 0 0 0 0 0 0 0 0 0 0 0 0 0 0 0 0 0 0 3 3 5 5 5 5 5 5 5 5 5 5 5 5 5 5 5 5 5 5 1 12 12 12 12 12 12 7 12 12 12 9 12 12 12 12 12 7 7 7 7 7 12 12 12 9 7 7 7 7 7 12 12 12 12 12 
6 2 2 2 5 5 3 3 0 0 1 12 12 12 12 12 12 12 12 12 12 12 12 12 12 12 7 12 12 12 12 7 7 7 7 7 7 7 7 7 12 12 12 12 12 1 1 1 1 1 1 1 1 0 3 0 0 0 0 0 0 4 4 4 4 4 4 3 9 9 4 4 4 4 4 4 4 0 3 0 4 4 4 0 0 0 0 0 0 4 4 4 4 0 0 0 9 4 4 4 4 4 0 0 0 0 0 0 0 0 0 0 0 0 0 0 0 0 0 0 0 0 0 0 0 0 0 0 0 0 0 0 0 0 0 0 0 0 0 0 0 0 0 0 0 3 3 5 5 5 5 5 5 5 5 5 5 5 5 5 5 5 5 5 1 12 12 12 12 12 7 7 7 7 7 7 7 7 7 7 7 7 12 12 12 12 12 12 12 12 12 12 12 12 7 12 12 12 12 12 
6 2 2 2 5 5 3 3 0 0 1 12 12 12 12 12 12 12 12 12 12 12 12 12 12 7 7 12 12 12 12 12 12 12 12 7 12 12 12 12 12 12 12 12 12 12 12 12 12 12 12 12 1 1 11 1 1 1 1 0 0 4 4 4 4 4 4 4 4 0 4 4 4 4 4 4 0 0 3 0 4 4 4 9 0 0 0 0 9 0 4 4 4 4 0 0 0 0 4 4 4 4 4 0 0 0 0 0 0 0 0 0 0 0 0 0 0 0 0 0 0 0 0 0 0 0 0 0 0 0 0 0 0 0 0 0 0 0 0 0 0 0 0 0 0 0 3 3 5 5 5 5 5 5 5 5 5 5 5 5 5 5 5 5 1 12 12 12 12 7 7 12 12 12 12 12 12 12 7 12 12 12 12 12 12 12 12 12 12 12 12 12 12 12 7 12 12 12 12 12 
6 2 2 2 5 5 3 3 0 0 1 12 12 12 12 7 7 7 7 7 7 7 7 7 7 7 9 12 12 12 12 12 12 12 12 7 12 12 12 12 12 12 12 12 12 12 12 12 12 12 12 12 12 12 7 12 12 12 1 1 0 0 4 4 4 4 4 4 4 4 4 4 4 4 4 4 0 9 3 0 4 4 4 4 4 4 0 4 4 4 4 4 3 3 3 0 0 0 0 4 4 4 4 0 0 0 0 0 0 0 0 0 0 0 0 0 0 0 0 0 0 0 0 0 0 0 0 0 0 0 0 0 0 0 0 0 0 0 0 0 0 0 0 0 0 0 0 3 3 5 5 5 5 5 5 5 5 5 5 5 5 5 5 5 1 12 12 12 7 7 9 12 12 12 12 12 12 12 7 12 12 12 12 12 12 12 12 12 12 12 12 12 12 12 7 12 12 12 12 12 
6 2 2 2 5 5 5 3 0 0 1 12 9 7 7 7 12 12 12 12 12 12 12 12 12 12 12 12 12 12 12 12 12 12 12 7 12 12 12 12 12 12 12 12 12 12 12 12 12 12 12 12 12 12 7 12 12 12 12 1 1 0 4 4 4 4 4 4 4 4 4 4 4 4 4 4 4 4 3 0 4 4 4 4 4 4 0 4 4 4 4 3 3 4 0 0 4 4 4 0 4 4 4 0 0 0 0 0 0 0 0 0 0 0 0 0 0 0 0 0 0 0 0 0 0 0 0 0 0 0 0 0 0 0 0 0 0 0 0 0 0 0 0 0 0 0 0 0 3 3 3 5 5 5 5 5 5 5 5 5 5 5 5 5 1 12 9 7 7 12 12 12 12 12 12 12 12 7 7 7 7 7 7 7 7 7 7 7 12 12 12 12 12 12 7 12 12 12 12 12 
6 2 2 2 5 5 5 3 0 0 1 12 12 12 12 12 12 12 12 12 12 12 12 12 12 12 12 12 9 12 12 12 12 12 12 7 12 12 12 12 12 12 12 12 12 12 12 12 12 12 12 12 12 12 7 12 12 12 12 12 1 0 0 4 4 4 4 4 4 4 4 4 4 4 4 4 4 4 3 0 4 4 4 4 4 4 0 4 4 4 3 3 4 4 0 0 4 4 4 9 4 4 4 4 0 0 0 0 0 0 0 0 0 0 0 0 0 0 0 0 0 0 0 0 0 0 0 0 0 0 0 0 0 0 0 0 0 0 0 0 0 0 0 0 0 0 0 0 0 0 3 3 3 5 5 5 5 5 5 5 5 5 5 5 1 12 12 12 12 12 12 12 12 12 12 7 7 7 12 12 12 12 12 12 12 12 12 7 9 12 12 12 12 12 7 12 12 9 12 12 
6 2 2 2 5 5 5 3 0 0 1 12 12 12 12 12 12 12 12 12 12 12 12 12 12 12 12 12 7 12 12 12 12 12 12 7 12 12 12 12 12 12 12 12 12 12 12 12 12 12 12 12 12 12 7 12 12 12 12 12 1 1 0 0 4 4 4 4 4 4 4 4 4 4 4 4 4 4 3 0 4 4 4 4 4 4 0 4 4 4 3 4 4 4 4 9 4 4 4 4 4 4 4 4 0 0 0 0 0 0 0 0 0 0 0 0 0 0 0 0 0 0 0 0 0 0 0 0 0 0 0 0 0 0 0 0 0 0 0 0 0 0 0 0 0 0 0 0 0 0 0 0 3 3 3 5 5 5 5 5 5 5 5 5 1 1 12 12 12 12 12 12 12 9 7 7 9 12 12 12 12 12 12 12 12 12 12 7 7 12 12 12 12 12 7 12 12 7 7 12 
6 2 2 2 5 5 5 3 0 0 1 12 12 12 12 12 12 12 12 12 12 12 12 12 12 12 12 12 7 12 12 12 12 12 12 7 12 12 12 12 12 12 12 12 12 12 12 12 12 12 12 12 12 12 7 12 12 12 12 12 12 1 0 0 4 4 4 4 4 4 4 4 4 4 4 4 4 4 3 0 4 4 4 4 3 3 3 3 3 3 3 4 4 4 4 4 4 4 4 4 4 4 4 4 4 0 0 0 0 0 0 0 0 0 0 0 0 0 0 0 0 0 0 0 0 0 0 0 0 0 0 0 0 0 0 0 0 0 0 0 0 0 0 0 0 0 0 0 0 0 0 0 0 0 3 3 3 5 5 5 5 5 5 5 5 1 1 12 12 12 12 12 12 12 12 12 12 12 12 12 12 12 12 12 12 12 12 12 7 12 12 12 12 12 7 12 12 7 12 12 
6 2 2 2 5 5 5 3 0 0 1 12 12 12 12 12 12 12 12 12 12 12 12 12 12 12 12 12 7 12 12 12 12 12 12 7 12 12 12 12 12 12 12 9 12 12 12 12 12 12 12 12 12 12 7 12 12 12 12 12 12 1 0 0 4 4 4 4 4 0 4 4 4 0 0 3 3 3 3 0 4 4 4 4 3 0 0 0 0 0 3 0 4 4 4 4 0 4 4 4 4 4 4 4 4 0 0 0 0 0 0 0 0 0 0 0 0 0 0 0 0 0 0 0 0 0 0 0 0 0 0 0 0 0 0 0 0 0 0 0 0 0 0 0 0 0 0 0 0 0 0 0 0 0 0 0 3 3 3 5 5 5 5 5 5 5 1 1 1 12 12 12 12 12 12 12 12 12 12 12 12 12 12 12 12 12 12 12 7 12 12 12 12 7 7 7 7 7 12 12 
6 2 2 2 5 5 5 3 0 9 1 12 12 12 12 12 12 12 12 12 12 12 12 12 12 12 7 7 7 7 7 7 7 7 7 7 7 7 7 7 7 7 7 7 7 7 7 7 7 7 7 7 7 7 7 7 7 7 7 7 9 1 0 0 4 4 4 0 0 0 0 0 0 0 3 3 4 3 3 9 4 4 4 3 3 0 4 4 4 4 3 0 0 4 4 4 4 0 4 4 4 4 4 4 4 0 0 0 0 0 0 0 0 0 0 0 0 0 0 0 0 0 0 0 0 0 0 0 0 0 0 0 0 0 0 0 0 0 0 0 0 0 0 0 0 0 0 0 0 0 0 0 0 0 0 0 0 0 3 3 3 3 3 3 5 5 5 5 1 1 1 1 1 1 1 1 1 1 1 12 12 12 12 12 12 12 9 7 7 7 7 7 7 7 12 12 12 7 12 12 
6 2 2 2 5 5 3 0 0 0 1 12 12 12 12 12 12 12 12 7 7 7 7 7 7 7 7 12 12 12 12 12 7 12 12 12 12 12 12 12 12 12 12 12 12 12 12 12 12 12 9 12 12 12 7 12 12 12 12 12 12 1 0 4 4 4 4 4 4 0 0 0 0 0 3 4 4 4 3 3 3 3 3 3 4 4 4 4 4 4 3 3 3 4 4 4 4 0 9 4 4 4 0 0 0 0 0 0 0 0 0 0 0 0 0 0 0 0 0 0 0 0 0 0 0 0 0 0 0 0 0 0 0 0 0 0 0 0 0 0 0 0 0 0 0 0 0 0 0 0 0 0 0 0 0 0 0 0 0 0 0 0 0 3 3 3 5 5 5 5 5 5 5 5 5 5 5 5 1 1 1 1 1 12 12 12 12 12 12 12 12 12 7 12 12 12 12 7 9 12 
6 2 2 2 5 5 3 0 0 0 1 12 12 12 12 12 12 12 7 7 12 12 12 12 12 12 12 12 12 12 12 12 7 8 8 8 12 12 12 12 12 12 12 12 12 12 12 12 12 12 12 12 12 12 7 12 12 12 12 12 12 1 0 4 4 4 4 4 4 4 0 0 0 0 3 4 4 4 0 0 0 0 4 4 4 4 4 4 4 4 4 0 3 0 4 4 4 4 0 0 0 0 0 0 4 4 4 0 0 0 0 0 0 0 0 0 0 0 0 0 0 0 0 0 0 0 0 0 0 0 0 0 0 0 0 0 0 0 0 0 0 0 0 0 0 0 0 0 0 0 0 0 0 0 0 0 0 0 0 0 0 0 0 0 0 3 3 3 3 3 3 5 5 5 5 5 5 5 5 5 5 5 1 1 1 1 12 12 12 12 12 12 7 12 12 12 12 7 12 12 
6 2 2 2 5 5 3 0 0 0 1 12 12 12 12 12 12 12 7 12 12 12 12 12 12 12 12 12 12 12 12 12 7 8 8 8 12 12 12 12 12 9 7 7 12 12 12 12 12 12 12 12 12 12 7 12 12 12 12 12 12 1 0 4 4 4 4 4 4 4 0 0 0 0 3 4 4 4 4 0 0 0 0 4 4 4 4 4 4 4 4 4 3 0 4 4 4 4 0 4 4 4 0 0 4 4 4 4 0 0 0 0 0 0 0 0 0 0 0 0 0 0 0 0 0 0 0 0 0 0 0 0 0 0 0 0 0 0 0 0 0 0 0 0 0 0 0 0 0 0 0 0 0 0 0 0 0 0 0 0 0 0 0 0 0 0 0 0 0 0 3 3 3 3 3 3 3 3 3 3 5 5 5 5 5 1 12 12 12 12 12 12 7 12 12 12 12 7 12 12 
6 2 2 2 5 5 3 0 0 0 1 12 12 12 12 12 12 12 7 12 12 12 12 12 12 12 12 12 12 12 12 12 7 8 8 8 12 12 12 12 12 12 12 7 12 12 12 12 12 12 12 12 12 12 7 7 12 12 12 12 12 1 0 4 4 4 4 4 4 4 0 0 0 3 3 4 4 4 4 0 0 0 0 0 4 4 4 4 4 4 4 4 3 0 0 4 4 4 0 4 4 4 4 0 4 4 4 4 4 0 0 0 0 0 0 0 0 0 0 0 0 0 0 0 0 0 0 0 0 0 0 0 0 0 0 0 0 0 0 0 0 0 0 0 0 0 0 0 0 0 0 0 0 0 0 0 0 0 0 0 0 0 0 0 0 0 0 0 0 0 0 0 0 0 0 0 0 0 0 3 3 5 5 5 5 1 1 12 12 12 12 12 7 12 12 12 12 7 12 12 
6 2 2 2 5 5 3 0 0 0 1 1 12 12 12 12 12 12 7 12 12 12 12 12 12 12 12 12 12 12 12 12 7 8 8 8 12 12 12 12 12 12 12 7 12 12 12 12 12 12 12 12 12 12 9 7 7 7 7 12 12 1 0 4 4 4 4 4 0 0 3 3 3 3 0 0 4 4 4 4 0 0 0 0 4 4 4 4 4 4 4 4 3 0 0 0 4 0 0 4 4 4 4 4 0 4 4 4 4 4 9 0 0 0 0 0 0 0 0 0 0 0 0 0 0 0 0 0 0 0 9 0 0 0 0 0 0 0 0 0 0 0 0 0 0 0 0 0 0 0 0 0 0 1 1 1 1 1 0 0 0 0 0 0 0 0 0 0 0 0 0 0 0 0 0 0 0 0 0 0 3 3 5 5 5 5 1 1 1 12 12 12 9 12 12 12 12 7 12 12 
6 2 2 2 5 5 3 0 0 0 0 1 1 12 12 12 12 7 7 12 12 12 12 12 12 12 12 12 12 12 12 12 7 12 12 12 12 12 12 12 12 12 12 7 12 12 12 12 12 12 12 12 12 12 12 12 12 12 7 12 12 1 0 4 4 4 4 4 0 0 3 0 0 0 0 0 4 4 4 4 4 0 0 0 4 4 4 4 4 4 4 4 3 0 0 4 4 0 0 0 4 4 4 4 4 0 4 4 4 4 4 0 0 0 0 0 0 0 0 0 0 0 0 0 0 0 0 0 0 0 0 0 0 0 0 0 0 0 0 0 0 0 0 0 0 0 0 0 0 0 0 0 0 1 9 7 9 1 0 0 0 0 0 0 0 0 0 0 0 0 0 0 0 0 0 0 0 0 0 0 0 3 3 5 5 5 5 5 1 1 12 12 12 12 7 7 7 7 12 12 
6 2 2 2 5 5 5 3 0 0 0 0 1 12 12 9 7 7 12 12 12 12 12 12 12 12 12 12 12 12 12 12 7 12 12 12 12 12 9 7 7 7 7 7 7 7 7 7 12 12 12 12 12 12 12 12 12 12 7 12 12 1 0 9 4 4 4 4 0 0 3 0 0 0 0 0 0 4 4 4 4 4 0 4 4 4 4 0 0 4 4 4 3 0 0 4 4 4 9 0 0 4 4 4 4 4 0 4 4 4 4 0 0 0 0 0 0 0 0 0 0 0 0 0 0 0 0 0 0 0 0 0 0 0 0 0 0 0 0 0 0 0 0 0 0 0 0 0 0 0 0 0 0 1 7 7 7 1 0 0 0 0 0 0 0 0 0 0 0 0 0 0 0 0 0 0 0 0 0 0 0 0 3 3 3 5 5 5 5 1 1 12 12 12 7 12 12 12 12 12 
6 2 2 2 5 5 5 3 0 0 0 0 1 12 12 12 12 12 12 12 12 12 12 12 12 12 12 12 12 12 12 7 7 12 12 12 12 12 12 12 12 12 12 12 12 12 12 7 9 12 12 12 12 12 12 12 12 9 7 12 12 1 0 0 4 4 4 4 0 0 3 0 4 4 4 0 0 4 4 4 4 4 9 4 4 4 4 0 0 0 0 0 3 4 4 4 4 4 4 4 0 0 4 4 4 4 4 0 4 4 4 0 4 4 4 0 0 0 0 0 0 0 0 0 0 0 0 0 0 0 0 0 0 0 0 0 0 0 0 0 0 0 0 0 0 0 0 0 0 0 0 0 0 1 7 7 7 11 7 0 0 0 0 0 0 0 0 0 0 0 0 0 0 0 0 0 0 0 0 0 0 0 0 0 3 3 5 5 5 9 1 1 1 1 11 1 1 1 1 1 
6 2 2 2 5 5 5 3 0 0 0 0 1 12 12 12 12 12 12 12 12 12 12 12 12 12 12 12 12 7 7 7 12 12 12 12 12 12 12 12 12 12 12 12 12 12 12 7 7 12 12 12 12 12 12 12 12 12 7 12 12 1 0 0 0 4 4 4 0 0 3 4 4 4 4 0 0 0 0 4 4 4 4 4 4 4 0 0 0 0 0 3 3 4 4 4 4 4 4 4 4 4 0 4 4 4 4 4 9 0 0 0 4 4 4 0 0 0 0 0 0 0 0 0 0 0 0 0 0 0 0 0 0 0 0 0 0 0 0 0 0 0 0 0 0 0 0 0 0 0 0 0 0 1 9 7 9 1 7 7 7 7 0 0 0 0 0 0 0 0 0 0 0 0 0 0 0 0 0 0 0 0 0 0 0 3 3 5 5 5 5 5 5 5 7 5 5 5 5 4 
6 2 2 2 5 5 5 3 3 0 0 0 1 12 12 12 12 12 12 12 12 12 12 12 12 12 9 7 7 7 12 12 12 12 12 12 12 12 12 12 12 12 12 12 12 12 12 12 7 12 12 12 12 12 12 12 12 12 12 12 12 1 0 0 0 0 4 4 0 0 3 4 4 4 4 0 0 0 0 4 4 4 4 4 4 4 0 0 0 0 3 3 3 4 4 4 4 4 4 4 4 4 4 4 4 4 4 4 0 0 0 0 4 4 4 0 0 0 0 0 0 0 0 0 0 0 0 0 0 0 0 0 0 0 0 0 0 0 0 0 0 0 0 0 0 0 0 0 0 0 0 0 0 1 1 1 1 1 0 0 0 7 0 0 0 0 0 0 0 0 0 0 0 0 0 0 0 0 0 0 0 0 0 0 0 0 3 5 5 5 5 5 5 5 7 5 5 5 5 4 
6 2 2 2 5 5 5 5 3 0 0 0 1 12 12 12 12 12 12 12 12 12 12 12 12 12 12 7 12 12 12 12 12 12 12 12 12 12 12 12 12 12 12 12 12 12 12 12 7 7 7 7 7 7 7 12 12 7 7 12 12 1 0 0 0 0 4 4 4 4 3 4 4 4 4 0 0 0 0 0 4 4 4 4 4 4 4 0 0 3 3 3 3 4 4 4 4 4 4 4 4 4 4 4 4 4 4 4 0 0 0 0 4 4 4 0 0 0 0 0 0 0 0 0 0 0 0 0 0 0 0 0 0 0 0 0 0 0 0 0 0 0 0 0 0 0 0 0 0 0 0 0 0 0 0 0 0 0 0 0 0 7 0 0 0 0 0 0 0 0 0 0 0 0 0 0 0 0 0 0 0 0 0 0 0 0 3 5 5 5 5 5 7 7 7 5 5 5 5 4 
6 2 2 2 5 5 5 5 3 0 0 0 1 12 9 7 7 12 12 12 12 12 12 12 12 12 7 7 12 12 12 12 12 12 7 7 7 7 7 7 7 12 12 12 12 12 12 12 12 12 12 12 12 7 7 7 7 7 9 12 12 1 0 0 0 4 4 4 4 4 3 4 4 4 4 4 4 4 0 0 4 4 4 4 4 4 4 4 4 4 4 4 3 4 4 0 4 4 4 9 4 4 4 4 4 4 0 0 0 0 0 0 0 0 0 0 0 0 0 0 0 0 0 0 0 0 0 0 0 0 0 0 0 0 0 0 0 0 0 0 0 0 0 0 0 0 0 0 0 0 0 0 0 0 0 0 0 0 0 0 0 7 7 7 7 7 7 7 7 7 7 0 0 0 0 0 0 0 0 0 0 0 0 0 0 0 3 3 5 5 7 7 7 5 5 5 5 5 5 4 
6 2 2 2 5 5 5 3 3 0 0 0 1 12 12 12 7 7 12 12 12 12 12 12 12 7 7 12 12 12 12 12 12 12 7 12 12 12 12 12 7 12 12 12 12 12 12 12 12 12 12 12 12 7 12 12 12 12 12 12 12 1 0 0 0 4 4 4 4 4 3 4 4 4 4 4 4 4 0 4 4 4 4 4 4 4 4 4 4 4 4 4 3 4 4 0 0 0 0 0 0 0 4 4 4 4 0 0 0 0 0 0 0 0 0 0 0 0 0 0 0 0 0 0 0 0 0 0 0 0 0 0 0 0 0 0 0 0 0 0 0 0 0 0 0 0 0 0 0 0 0 0 0 0 0 0 0 0 0 0 0 0 0 0 0 0 0 0 0 0 7 7 7 0 0 0 0 0 0 0 0 0 0 0 0 7 7 7 7 7 7 7 5 5 5 5 5 5 5 4 
6 2 2 2 5 5 5 3 0 0 0 0 1 12 12 12 12 7 7 7 7 7 7 7 7 7 12 12 12 12 12 12 12 12 7 12 12 12 12 12 7 12 12 12 12 12 12 12 12 12 12 12 7 7 12 12 12 12 12 12 1 1 0 0 0 4 4 4 4 4 3 0 9 4 4 4 4 4 4 4 4 4 4 4 4 4 4 4 4 4 4 3 3 4 4 0 0 0 0 0 0 0 0 0 0 0 0 0 0 0 4 4 4 0 0 0 0 0 0 0 0 0 0 0 0 0 0 0 0 0 0 0 0 0 0 0 0 0 0 0 0 0 0 0 0 0 0 0 0 0 0 0 0 0 0 0 0 0 0 0 0 0 0 0 0 0 0 0 0 0 0 0 7 0 0 0 0 0 0 0 0 0 0 0 7 7 9 3 3 5 5 5 5 5 5 5 5 5 5 4 
6 2 2 2 5 5 3 3 0 0 0 1 1 12 12 12 12 12 7 12 12 12 12 12 12 12 12 12 12 12 12 12 12 7 7 12 12 12 12 12 7 12 12 12 12 12 12 12 12 12 12 7 7 9 12 12 12 1 1 1 1 0 0 0 4 4 4 4 4 9 3 3 0 0 0 4 4 4 4 4 4 4 4 4 4 4 9 0 0 0 4 3 4 4 4 4 4 9 0 0 0 0 0 0 0 0 0 0 0 0 4 4 4 4 0 0 0 0 0 0 0 0 0 0 0 0 0 0 0 0 0 0 0 0 0 0 0 0 0 0 0 0 0 0 0 0 0 0 0 0 0 0 0 0 0 0 0 0 0 0 0 0 0 0 0 0 0 0 0 0 0 0 7 0 0 0 0 0 0 0 7 7 7 7 7 0 0 0 3 3 5 5 5 5 5 5 5 5 5 4 
6 2 2 2 5 5 3 3 0 0 0 1 12 12 12 12 12 7 7 12 12 12 12 12 12 12 12 12 12 12 12 12 12 7 12 12 12 12 12 12 7 7 7 7 7 7 7 12 12 12 7 7 12 12 12 12 1 1 0 0 0 0 0 0 4 4 4 4 0 0 0 3 0 0 0 4 4 4 4 4 4 0 4 4 4 4 4 0 0 0 4 3 4 4 4 4 4 4 4 0 0 0 0 0 0 0 0 0 0 0 4 4 4 4 4 0 0 0 0 0 0 0 0 0 0 0 0 0 0 0 0 0 0 0 0 0 0 0 0 0 0 0 0 0 0 0 0 0 0 0 0 0 0 0 0 0 0 0 0 0 0 0 0 0 0 0 0 7 7 7 7 7 7 7 7 7 7 7 7 7 7 0 0 0 0 0 0 0 0 3 3 3 3 5 5 5 5 5 5 4 
6 2 2 2 5 5 3 0 0 0 1 1 12 12 12 12 7 7 12 12 12 12 12 12 12 12 7 7 7 7 7 7 7 7 12 12 12 12 12 12 12 12 12 12 12 12 7 7 7 7 7 12 12 12 12 1 1 0 0 0 0 4 4 4 4 4 4 4 0 0 0 0 0 0 0 0 4 4 4 4 4 4 4 4 4 4 4 0 0 0 3 3 4 4 4 4 4 4 4 4 4 0 0 0 0 0 0 0 0 0 9 4 4 4 4 0 0 0 0 0 0 0 0 0 0 0 0 0 0 0 0 0 0 0 0 0 0 0 0 0 0 0 0 0 0 0 0 0 0 0 0 0 0 0 0 0 0 0 0 0 0 0 0 0 0 0 0 7 0 0 0 0 0 0 0 0 0 0 0 0 0 0 0 0 0 0 0 0 0 0 0 0 3 3 5 5 5 5 5 4 
6 6 2 2 5 5 3 0 0 0 1 12 12 12 12 7 7 12 12 12 12 12 12 12 7 7 7 12 12 12 12 12 12 12 12 12 12 12 12 12 12 12 12 12 12 12 12 12 12 12 12 12 12 12 1 1 0 0 0 4 4 4 4 4 4 4 4 4 4 9 0 0 0 0 0 0 4 4 4 4 4 4 4 4 4 4 4 0 3 3 3 4 4 4 4 4 4 4 4 4 4 0 0 0 0 0 0 0 0 0 0 4 4 4 4 0 0 0 0 0 0 0 0 0 0 0 0 0 0 0 0 0 0 0 0 0 0 0 0 0 0 0 0 0 0 0 0 0 0 0 0 0 0 0 0 0 0 0 0 0 0 0 0 0 0 0 7 7 0 0 0 0 0 0 0 0 0 0 0 0 0 0 0 0 0 0 0 0 0 0 0 0 0 3 3 3 3 3 3 4 
6 6 2 2 5 5 3 0 0 0 1 12 12 12 12 7 12 12 12 12 12 12 12 12 7 12 12 12 12 12 12 12 12 12 12 12 12 12 12 12 12 12 1 1 1 1 1 1 1 1 12 12 12 1 1 4 4 4 4 4 4 4 4 4 4 4 4 4 4 4 4 0 0 0 0 9 4 4 4 4 4 4 4 4 4 4 4 0 3 0 0 9 4 4 4 4 4 4 4 4 4 0 4 4 4 4 4 4 0 0 0 0 4 4 4 0 0 0 0 0 0 0 0 0 0 0 0 0 0 0 0 0 0 0 0 0 0 0 0 0 0 0 0 0 0 0 0 0 0 0 0 0 0 0 0 0 0 0 0 0 0 0 0 0 0 7 7 0 0 0 0 0 0 0 0 0 0 0 0 0 0 4 4 4 0 0 0 0 0 0 0 0 0 0 0 0 0 0 0 4 
6 6 2 2 2 5 3 3 0 0 1 12 12 12 12 7 12 12 12 12 12 12 12 7 7 12 12 12 12 12 12 12 12 12 12 12 12 12 1 1 1 1 1 0 0 0 0 0 0 1 1 1 1 1 9 4 4 4 4 4 4 4 4 4 4 4 4 4 4 4 4 4 4 4 4 4 4 0 4 4 4 4 4 4 4 4 4 4 4 4 4 4 4 4 4 4 4 4 4 0 0 0 4 4 4 4 4 4 4 4 0 0 0 0 0 0 0 0 0 0 0 0 0 0 0 0 0 0 0 0 0 0 0 0 0 0 0 0 0 0 0 0 0 0 0 0 0 0 0 0 0 0 0 0 0 0 0 0 0 0 0 0 0 0 0 7 0 0 0 0 0 0 0 0 0 0 0 0 0 0 0 4 4 4 4 0 0 0 0 0 0 0 0 0 0 0 0 0 0 4 
6 6 2 2 2 5 5 3 0 0 1 12 12 12 12 7 7 7 7 7 7 7 7 7 12 12 12 12 12 12 12 12 12 12 12 12 1 1 1 0 0 0 0 0 0 0 0 0 0 0 0 0 0 0 0 0 4 4 4 4 4 4 0 0 4 4 4 4 0 0 0 0 4 4 4 4 4 0 4 4 4 4 4 4 4 4 4 4 4 4 4 4 4 4 4 4 4 4 4 4 4 0 4 4 4 4 4 4 4 4 0 0 0 0 0 0 0 0 0 0 0 0 0 0 0 0 0 0 0 0 0 0 0 0 0 0 0 0 0 0 0 0 0 0 0 0 0 0 0 0 0 0 0 0 0 0 0 0 0 0 0 0 0 0 0 7 7 0 0 0 0 0 0 0 0 0 0 0 0 4 4 4 4 4 4 4 0 0 0 0 0 0 0 0 0 0 0 0 0 4 
6 6 6 2 2 5 5 3 0 0 1 12 12 12 12 7 12 12 12 12 12 12 12 12 12 12 12 12 12 12 12 12 12 12 1 1 1 0 0 0 0 0 0 0 0 0 0 0 0 0 0 0 0 0 0 0 4 4 4 0 0 0 0 0 4 4 4 4 0 0 0 0 4 4 4 4 4 0 4 4 4 4 4 4 4 4 4 4 4 4 4 4 4 4 4 4 4 4 4 4 4 0 4 4 4 4 4 4 4 4 0 0 0 0 4 4 4 0 0 0 0 0 0 0 0 0 0 0 0 0 0 0 0 0 0 0 0 0 0 0 0 0 0 0 0 0 0 0 0 0 0 0 0 0 0 0 0 0 0 0 0 0 0 0 0 7 7 0 0 0 0 0 0 0 0 0 0 0 0 4 4 4 4 4 4 4 4 4 4 0 0 0 0 0 0 0 0 0 0 4 
6 6 6 6 2 5 5 3 0 0 1 12 12 12 12 9 12 12 12 12 12 12 12 12 12 12 12 12 12 12 12 12 12 1 1 9 0 0 0 0 0 0 0 0 0 0 0 0 0 0 0 0 0 0 0 0 0 0 0 0 0 0 0 0 0 0 0 0 0 0 0 0 0 0 0 0 0 0 0 0 0 0 0 4 4 4 4 4 4 4 4 4 0 0 9 4 4 4 4 4 4 4 4 4 4 4 4 4 0 0 0 0 0 9 4 4 4 0 0 0 0 0 0 0 0 0 0 0 0 0 0 0 0 0 0 0 0 0 0 0 0 0 0 0 0 0 0 0 0 0 0 0 0 0 0 0 0 0 0 0 0 0 0 0 0 0 7 0 0 0 0 0 0 0 0 0 0 0 0 4 4 4 4 4 4 4 4 4 4 4 4 0 0 0 0 0 0 0 0 4 
6 6 6 6 2 5 5 3 0 0 1 1 1 12 12 12 12 12 12 12 1 1 1 1 1 1 1 1 1 1 1 1 1 1 0 0 0 0 0 0 0 0 0 0 0 0 0 0 3 3 3 3 3 3 3 3 3 3 3 3 3 3 3 3 3 3 3 3 3 3 3 3 0 0 0 0 0 0 0 0 0 0 0 0 0 0 0 0 0 4 4 4 0 0 0 4 4 4 4 4 4 4 4 4 4 4 4 4 0 0 0 0 0 4 4 4 4 0 0 0 0 0 0 0 0 0 0 0 0 0 0 0 0 0 0 0 0 0 0 0 0 0 0 0 0 0 0 0 0 0 0 0 0 0 0 0 0 0 0 0 0 0 0 0 1 1 11 1 0 0 0 0 0 0 0 0 0 0 0 4 4 4 4 4 4 4 4 4 4 4 4 0 4 4 4 0 0 0 0 4 
6 6 6 6 2 5 5 3 3 0 0 9 1 1 1 1 1 1 1 1 1 0 0 0 0 0 0 0 0 0 0 0 0 0 0 0 0 0 0 0 0 3 3 3 3 3 3 3 3 3 6 6 6 6 6 6 6 6 6 6 6 6 6 6 6 6 6 6 6 6 6 3 3 3 3 3 3 3 0 0 0 0 0 0 0 0 0 0 0 0 0 0 0 0 0 0 4 4 4 4 4 4 4 4 0 0 0 0 0 0 0 0 0 4 4 4 4 0 0 0 0 0 0 0 0 0 0 0 0 0 0 0 0 0 0 0 0 0 0 0 0 0 0 0 0 0 0 0 0 0 0 0 0 0 0 0 0 0 0 0 0 1 1 1 1 12 7 1 1 1 1 1 0 0 0 0 0 0 0 4 4 4 4 4 4 4 4 4 4 4 4 0 4 4 4 4 0 0 0 4 
6 6 6 6 2 5 5 5 3 3 0 0 0 0 0 0 0 0 0 0 0 0 0 0 0 0 0 0 0 0 0 0 0 0 0 3 3 3 3 3 3 3 3 6 6 6 6 6 6 6 6 6 6 6 6 6 6 6 6 6 6 6 6 6 6 6 6 6 6 6 6 6 6 6 6 6 6 3 3 3 3 0 0 0 0 0 0 0 0 0 0 0 0 0 0 0 0 0 0 0 0 0 0 0 0 0 0 0 0 0 0 0 0 4 4 4 4 0 0 0 0 0 0 0 0 0 0 0 0 0 0 0 0 0 0 0 0 0 0 0 0 0 0 0 0 0 0 0 0 0 0 0 0 0 0 0 0 0 0 1 1 1 12 12 12 12 7 12 12 12 1 1 1 0 0 0 0 0 0 4 4 4 4 4 4 4 4 4 4 4 0 0 4 4 4 4 0 0 0 4 
6 6 6 2 2 2 5 5 5 3 0 0 0 0 0 0 0 0 0 0 0 0 0 0 0 0 0 0 0 0 0 3 3 3 3 3 6 6 6 6 6 6 6 6 6 6 6 6 6 6 6 6 3 3 3 3 3 3 3 3 3 3 3 3 3 3 3 3 3 3 6 6 6 6 6 6 6 6 6 6 3 3 3 3 0 0 0 0 0 0 0 0 0 0 0 0 0 0 0 0 0 0 0 0 0 0 0 0 0 0 0 0 0 0 0 0 0 0 0 0 0 0 0 0 0 0 0 0 0 0 0 0 0 0 0 0 0 0 0 0 0 0 0 0 0 0 0 0 0 0 0 0 0 0 0 0 0 0 1 1 12 12 12 12 12 12 7 12 12 12 12 12 1 0 0 0 0 0 0 4 4 4 4 4 4 9 4 4 4 4 0 9 4 4 4 4 4 4 0 4 
6 6 6 2 2 2 5 5 5 3 0 0 0 0 0 0 0 0 0 0 0 0 0 0 0 0 0 0 3 3 3 3 6 6 6 6 6 6 6 6 6 6 6 6 3 3 3 3 3 3 3 3 3 0 0 0 0 0 0 0 0 0 0 0 0 0 0 0 0 3 3 6 6 6 6 3 6 6 6 6 6 6 6 3 3 3 3 3 0 0 0 0 0 0 0 0 0 0 0 0 0 0 0 0 0 0 0 0 0 0 0 0 0 0 0 0 0 0 0 0 0 0 0 0 0 0 0 0 0 0 0 0 0 0 0 0 0 0 0 0 0 0 0 0 0 0 0 0 0 0 0 0 0 0 0 0 0 1 1 12 12 12 12 12 12 7 7 12 12 12 12 12 1 1 0 0 0 0 0 0 0 0 0 0 0 0 4 4 4 4 4 4 4 4 4 4 4 4 4 4 
6 6 6 2 2 2 2 5 5 3 0 0 0 0 0 0 0 0 0 0 0 0 0 0 0 0 0 3 3 6 6 6 6 6 6 6 6 6 3 3 3 3 3 3 3 3 3 3 3 0 0 0 0 0 0 0 0 0 0 0 0 0 0 0 0 0 0 0 0 0 3 3 3 3 3 3 3 3 6 6 6 6 6 6 6 6 3 3 3 3 3 3 3 3 3 3 0 0 0 0 0 0 0 0 0 0 0 0 0 0 0 0 0 0 0 0 0 0 0 0 0 0 0 0 0 0 0 0 0 0 0 0 0 0 0 0 0 0 0 0 0 0 0 0 0 0 0 0 0 0 0 0 0 0 0 1 1 1 12 9 7 7 12 12 9 7 12 12 12 12 12 12 12 1 1 0 0 0 0 0 0 0 0 0 0 0 4 4 4 4 4 4 4 4 4 4 4 4 4 4 
6 6 6 2 2 2 2 5 5 3 0 0 0 0 0 0 0 0 0 0 0 0 0 0 0 0 0 3 6 6 6 6 6 3 3 3 3 3 3 0 0 0 0 0 0 0 0 0 0 0 0 0 0 0 0 0 0 0 0 0 0 0 0 0 0 0 0 0 0 0 0 0 0 0 0 0 0 3 3 6 6 6 6 6 6 6 6 6 6 6 6 6 6 6 6 3 3 3 3 3 3 3 3 3 0 0 0 0 0 0 0 0 0 0 0 0 0 0 0 0 0 0 0 0 0 0 0 0 0 0 0 0 0 0 0 0 0 0 0 0 0 0 0 0 0 0 0 0 0 0 0 0 0 0 1 1 12 12 12 12 12 7 12 12 7 7 12 12 12 12 12 12 12 12 1 1 0 0 0 0 0 0 0 0 0 4 4 4 4 4 4 4 4 4 4 4 4 4 4 4 
6 6 6 2 2 2 2 5 5 3 0 0 0 0 0 0 0 0 0 0 0 0 0 0 3 3 3 3 6 6 3 3 3 3 3 3 3 3 3 3 3 3 0 0 0 0 0 0 0 0 0 0 0 0 0 0 0 0 0 0 0 0 0 0 0 0 0 0 0 0 0 0 0 0 0 0 0 0 3 3 3 3 3 3 6 6 6 6 6 6 6 6 6 6 6 6 6 6 6 6 6 6 6 3 3 3 3 3 3 0 0 0 0 0 0 0 0 0 0 0 0 0 0 0 0 0 0 0 0 0 0 0 0 0 0 9 0 0 0 0 0 0 0 0 0 0 0 0 0 0 0 0 1 1 1 12 12 12 12 12 12 7 12 12 7 12 12 12 12 12 12 12 12 12 12 1 1 0 0 0 0 0 0 0 0 4 4 4 4 0 0 4 4 4 4 4 4 4 4 4 
6 6 6 6 2 2 2 5 5 3 0 0 0 0 0 0 0 0 0 0 0 0 3 3 3 6 6 6 6 6 3 13 13 13 13 13 13 13 13 13 13 3 3 3 3 0 0 0 0 0 0 0 0 0 0 0 0 0 0 0 0 0 0 0 0 0 0 0 0 0 0 0 0 0 0 0 0 0 0 0 0 0 0 3 3 3 3 3 3 3 3 3 3 6 6 6 6 6 6 6 6 6 6 6 6 6 6 6 3 3 3 3 3 0 0 0 0 0 0 0 0 0 0 0 0 0 0 0 0 0 0 0 0 0 0 0 0 0 0 0 0 0 0 0 0 0 0 0 0 0 0 1 1 12 12 12 7 7 7 7 7 7 7 7 7 7 7 7 7 7 7 7 7 7 9 12 1 1 0 0 0 0 0 0 4 4 4 4 0 0 0 4 4 4 4 4 4 4 4 4 
6 6 6 6 6 2 2 5 5 3 3 0 0 0 0 0 0 0 0 0 0 3 3 6 6 6 6 6 6 3 3 13 13 13 13 13 13 13 13 13 13 13 13 13 3 3 0 0 0 0 0 0 0 0 0 0 0 0 0 0 0 0 0 0 0 3 3 3 3 3 3 3 7 7 7 7 7 7 7 0 0 0 0 0 0 0 0 0 0 0 0 0 3 3 3 3 3 3 3 3 6 6 6 6 6 6 6 6 6 6 6 6 3 3 0 0 0 0 0 0 0 0 0 0 0 0 0 0 0 0 0 0 0 0 0 0 0 0 0 0 0 0 0 0 0 0 0 0 0 0 1 1 12 12 12 12 7 12 12 12 12 12 12 9 7 12 12 12 12 9 12 12 12 12 12 12 12 1 1 0 0 0 0 0 4 4 4 4 4 4 4 9 4 4 4 4 0 0 0 4 
6 6 6 6 6 6 6 5 5 3 3 3 3 3 3 3 3 3 3 3 3 3 6 6 6 3 3 3 3 3 13 13 13 13 13 13 13 13 13 13 13 13 13 13 13 3 3 0 0 0 0 0 0 3 3 3 3 3 3 3 3 3 3 3 3 3 0 0 1 1 1 11 1 1 1 1 1 1 7 7 7 7 0 0 0 0 0 0 0 0 0 0 0 0 0 0 0 0 0 3 3 3 6 6 3 3 3 6 6 6 6 6 6 3 3 3 3 0 0 0 0 0 0 0 0 0 0 0 0 0 0 0 0 0 0 0 0 0 0 0 0 0 0 0 0 0 0 0 0 0 1 12 12 12 12 12 9 12 12 12 12 12 12 7 7 12 12 12 12 12 12 12 12 12 12 12 12 12 1 0 0 0 0 4 4 4 4 4 4 4 4 0 0 4 4 4 4 0 0 4 
6 6 6 6 6 6 6 6 6 6 6 6 6 6 6 6 6 6 6 6 6 6 6 6 3 3 13 13 13 13 13 13 13 13 13 13 13 13 13 13 9 13 13 13 13 13 13 3 3 0 0 0 0 3 0 0 1 1 1 1 1 1 1 1 1 1 1 1 1 12 12 7 12 12 12 12 12 1 1 1 1 7 7 7 7 0 0 0 0 0 0 0 0 0 0 0 0 0 0 0 0 3 3 3 3 0 3 3 3 3 3 6 6 6 6 3 3 3 3 3 3 0 0 0 0 0 0 0 0 0 0 0 0 0 0 0 0 0 0 0 0 0 0 0 0 0 0 0 0 0 1 12 12 12 12 12 12 12 12 12 12 12 12 7 12 12 12 12 12 12 12 1 1 1 1 1 1 1 1 0 0 0 0 4 4 4 4 4 4 4 4 0 0 4 4 4 4 0 0 4 
6 6 6 6 6 6 6 6 6 6 6 6 6 6 6 6 6 6 6 6 6 6 6 3 3 3 13 13 13 13 13 13 13 13 13 13 13 13 13 13 13 13 13 13 13 13 13 13 3 3 3 3 3 3 1 1 1 12 12 12 12 12 12 12 12 9 12 12 12 12 12 7 12 12 12 12 12 12 12 12 1 1 1 1 7 7 7 7 0 0 0 0 0 0 0 0 0 0 0 0 0 0 0 0 0 0 0 0 0 0 3 3 6 6 6 6 6 6 6 3 3 3 3 0 0 0 0 0 0 0 0 0 0 0 0 0 0 0 0 0 0 0 0 0 0 0 0 0 0 0 1 1 1 1 1 1 1 1 1 1 1 1 1 1 1 1 1 1 1 1 1 1 0 0 0 0 0 9 1 0 0 0 0 4 4 4 4 4 4 4 0 0 0 4 4 4 4 0 0 4 
6 6 6 6 6 6 2 3 3 3 3 3 3 3 3 3 3 3 3 3 3 3 3 13 13 13 13 13 13 13 13 13 13 13 13 13 13 13 13 13 13 13 13 13 13 13 13 13 13 13 3 3 1 1 1 12 12 12 12 12 12 12 12 12 12 7 12 12 12 12 12 7 12 12 12 12 12 12 9 12 12 12 12 1 1 1 0 7 7 7 7 0 0 0 0 0 0 0 0 0 0 0 0 0 0 0 0 0 0 0 0 3 3 3 6 6 6 6 6 6 6 6 3 3 3 0 0 0 0 0 0 0 0 0 0 0 0 0 0 0 0 0 0 0 0 0 0 0 0 0 1 9 0 0 0 0 0 0 0 0 0 0 0 7 7 9 0 0 0 0 0 0 0 0 0 0 0 0 1 0 0 0 0 4 4 4 4 4 4 4 4 0 0 4 4 4 4 0 0 4 
6 6 6 6 6 6 2 5 5 3 3 3 3 3 3 3 3 3 3 3 13 13 13 13 13 13 13 13 13 13 13 13 13 13 13 13 13 13 13 13 13 13 13 13 13 13 13 13 3 3 3 3 1 12 12 12 12 12 9 12 12 12 12 12 12 7 12 12 12 12 12 7 12 12 12 12 12 12 7 12 12 12 12 12 12 1 1 1 0 0 7 7 7 0 0 0 0 4 4 4 4 0 0 0 0 0 0 0 0 0 0 0 0 3 3 3 3 3 3 6 6 6 6 6 3 3 3 3 0 0 0 0 0 0 0 0 0 0 0 0 0 0 0 0 0 0 0 0 0 0 1 0 0 0 0 0 0 0 0 0 0 0 0 0 7 7 0 0 0 0 0 0 0 0 0 0 0 1 1 0 0 0 0 0 0 0 9 4 4 4 4 4 0 0 4 4 4 4 4 4 
6 6 6 6 6 2 2 5 5 3 13 13 13 13 13 13 13 13 13 13 13 13 13 13 13 13 13 13 13 13 13 13 13 13 13 13 13 13 13 13 13 3 3 3 3 3 3 3 3 13 13 1 1 12 12 12 12 12 7 12 12 12 12 12 12 7 12 12 12 12 12 7 12 12 12 12 12 12 7 12 12 12 12 12 12 12 12 1 1 0 0 0 7 7 0 0 4 4 4 4 4 0 0 0 0 4 4 0 0 0 0 0 0 0 0 0 0 0 3 3 3 6 6 6 6 6 6 3 3 3 3 3 0 0 0 0 0 0 0 0 0 0 0 0 0 0 0 0 0 0 1 0 3 3 3 3 3 3 3 3 3 3 3 3 3 3 3 3 3 3 0 0 0 0 0 0 1 1 0 0 0 0 0 0 0 4 4 4 4 4 4 4 0 0 0 4 4 4 4 4 
6 6 6 6 6 2 2 5 5 3 13 13 13 13 13 13 13 13 13 13 13 13 13 13 13 13 13 13 13 13 13 13 13 13 13 13 13 13 13 3 3 3 13 13 13 13 13 13 13 13 13 1 12 12 12 12 12 12 7 12 12 12 12 12 12 7 12 12 12 12 12 7 12 12 12 12 12 12 7 12 12 12 12 12 12 12 12 12 1 1 0 0 0 7 7 0 4 4 4 4 4 9 0 0 4 4 4 4 4 0 0 0 0 0 0 0 0 0 0 0 3 3 6 6 6 6 6 6 6 6 3 3 3 3 3 3 3 3 0 0 0 0 0 0 0 0 0 0 3 3 1 3 3 2 2 2 2 2 2 2 2 2 2 2 10 10 2 2 2 3 3 0 0 0 1 1 1 0 0 0 0 0 0 0 0 4 4 4 4 4 4 4 0 0 0 4 4 4 4 4 
6 6 6 6 2 2 2 5 5 3 13 13 13 13 13 13 13 13 13 13 13 13 13 13 13 13 13 13 13 13 13 13 13 13 13 13 3 3 3 3 13 13 13 13 13 13 13 13 13 13 13 1 12 12 12 12 12 12 7 7 12 12 12 12 12 7 12 12 12 12 12 7 7 7 7 7 7 7 7 7 7 7 7 7 7 9 12 12 12 1 1 0 0 0 7 0 0 4 4 4 4 4 0 0 4 4 4 4 4 0 0 0 0 0 0 0 0 0 0 0 0 3 3 3 3 6 6 6 6 6 6 6 6 6 6 6 6 3 3 3 3 3 3 3 0 0 3 3 3 3 6 6 6 2 2 2 2 2 2 2 2 2 2 2 10 10 2 2 2 2 3 3 3 0 1 0 0 0 0 0 0 0 0 0 0 4 4 4 4 4 0 0 0 0 0 4 4 4 4 4 
6 6 6 2 2 2 2 5 5 3 13 13 13 13 13 13 13 13 13 13 13 13 13 13 13 13 13 13 13 13 13 13 3 3 3 3 3 13 13 13 13 13 13 13 13 13 13 13 13 13 13 1 12 12 12 12 12 12 12 7 7 12 12 12 7 7 12 12 12 12 12 7 12 12 12 12 7 12 12 12 12 12 7 12 12 12 12 12 12 12 1 0 0 0 7 0 0 0 4 4 4 4 0 0 4 4 4 4 4 4 4 4 4 4 4 4 0 0 0 0 0 0 0 0 3 3 3 3 3 6 6 6 6 6 6 6 6 6 6 6 6 6 3 3 3 3 3 6 6 6 6 6 6 3 3 3 3 3 3 3 3 3 3 3 3 3 3 2 2 2 2 2 3 3 1 0 0 0 0 0 0 0 0 0 0 0 4 4 4 4 0 0 4 4 4 9 0 0 0 4 
6 6 6 2 2 2 2 5 5 3 13 13 13 13 13 13 13 13 13 13 13 13 13 13 13 13 13 3 3 3 3 3 3 13 13 13 13 13 13 13 13 13 13 13 13 13 13 13 13 13 1 1 12 12 12 12 12 12 12 12 7 7 7 7 7 12 12 12 12 12 7 7 12 12 12 12 7 12 12 12 12 12 7 12 12 12 12 12 12 12 1 3 3 0 7 0 0 0 4 4 4 4 4 4 4 4 4 4 4 4 4 4 4 4 4 4 0 0 0 0 0 0 0 0 0 0 0 3 3 3 3 3 3 3 3 3 6 6 6 6 6 6 6 6 6 6 6 6 6 6 6 6 3 3 0 0 0 0 0 0 0 0 0 0 7 7 3 3 2 2 2 2 2 3 1 3 3 0 0 0 0 0 0 0 0 0 0 0 0 0 0 0 4 4 4 4 4 0 0 4 
6 6 2 2 2 2 2 5 5 3 13 13 13 9 13 13 13 13 13 13 13 13 13 13 13 3 3 3 13 13 13 13 13 13 13 13 13 13 13 13 13 13 13 13 13 13 13 13 13 13 1 12 12 12 12 12 12 12 12 12 12 7 7 12 12 12 12 12 12 7 7 12 12 12 12 12 7 12 12 12 12 12 7 12 12 12 12 12 12 12 1 13 3 3 7 3 0 0 0 0 0 0 0 4 4 4 4 4 4 4 4 4 4 4 4 4 4 0 4 4 0 0 0 0 0 0 0 0 0 0 0 0 0 0 0 3 3 3 3 3 3 3 3 6 6 6 6 6 3 3 1 3 3 0 0 0 0 0 0 0 0 0 0 0 9 7 0 3 3 3 2 2 6 6 6 6 6 3 3 0 0 0 0 0 0 0 0 0 0 0 0 0 4 4 4 4 4 0 0 4 
6 6 2 2 2 2 2 5 5 3 13 13 13 13 13 13 13 13 13 13 13 13 13 13 3 3 13 13 13 13 13 13 13 13 13 13 13 13 13 13 13 13 13 13 13 13 13 13 13 1 1 12 9 7 7 12 12 12 12 12 12 7 12 12 12 12 12 12 7 7 9 12 12 12 12 12 7 12 12 12 12 12 7 12 12 12 12 12 12 12 1 13 13 13 7 3 3 3 0 0 0 0 0 0 0 0 0 4 4 4 4 4 4 4 4 4 4 9 4 4 4 4 4 4 4 4 4 4 0 0 0 0 0 0 0 0 0 0 0 0 0 0 3 3 3 3 3 3 3 0 1 0 0 0 0 0 0 0 0 0 0 0 0 0 7 7 0 0 0 3 3 3 1 6 6 6 6 6 3 3 0 0 0 0 0 0 0 0 0 0 0 0 0 4 4 4 4 0 0 4 
6 6 2 2 2 2 2 5 5 3 13 13 13 13 13 13 13 13 13 13 13 13 13 3 3 13 13 13 13 13 13 13 13 13 13 13 13 13 13 13 13 13 13 13 13 13 13 13 13 1 12 12 12 12 7 7 7 12 12 12 12 7 12 12 12 12 7 7 7 12 12 12 12 12 12 12 7 12 12 12 12 12 7 12 12 12 12 12 12 12 1 13 13 13 7 7 13 3 3 3 3 3 3 3 3 3 3 0 0 9 4 4 4 4 4 4 4 4 4 4 4 4 4 4 4 4 4 4 4 0 0 0 0 0 0 0 0 0 4 4 4 4 0 0 0 0 0 0 0 0 1 1 1 1 1 1 1 1 1 1 1 1 1 0 7 0 0 0 0 0 0 0 1 3 6 6 6 6 6 3 3 3 3 0 0 0 0 0 0 0 0 0 0 0 0 0 0 0 9 4 
6 6 2 2 2 2 2 5 3 3 13 13 13 13 13 13 13 13 13 13 13 13 13 3 13 13 13 13 13 13 13 13 13 13 13 13 13 13 13 13 13 13 13 13 13 13 13 13 1 1 12 12 12 12 12 12 7 7 7 7 7 7 7 7 7 7 7 12 12 12 12 12 12 12 7 7 7 7 7 9 12 12 7 7 7 12 12 12 12 12 1 13 13 13 7 7 13 13 13 13 13 13 13 13 13 13 3 3 0 0 0 4 4 4 4 4 4 4 4 4 4 4 4 4 4 4 4 4 4 4 4 0 0 0 0 4 4 4 4 4 4 4 0 0 0 0 0 0 0 0 1 12 12 12 12 12 12 12 12 12 12 12 1 1 11 1 1 0 0 0 0 0 1 3 3 3 6 6 6 6 6 6 3 3 3 0 0 0 0 0 0 0 0 0 0 0 0 0 4 4 
6 6 2 2 2 2 2 5 3 13 13 13 13 13 13 13 13 13 13 13 13 13 13 3 13 13 13 13 13 13 13 13 13 13 13 13 13 13 13 13 13 13 13 13 13 13 13 13 1 12 12 12 12 12 12 12 12 12 12 12 12 7 12 12 12 12 12 12 12 12 12 9 7 7 7 12 7 12 12 12 12 12 12 12 7 7 7 7 9 12 1 1 13 13 7 13 13 13 13 13 13 13 13 13 13 13 13 3 3 0 0 0 4 4 4 4 0 0 0 0 0 9 4 4 4 4 4 4 4 4 4 4 4 4 4 4 0 0 4 4 4 4 0 0 0 0 0 0 0 0 1 12 12 12 12 12 9 12 12 12 12 12 12 12 7 9 1 1 1 1 1 1 1 0 0 3 3 6 6 6 6 6 6 6 3 3 3 0 0 0 0 0 0 0 0 0 0 0 0 4 
6 6 2 2 2 2 5 5 3 3 13 13 13 13 13 13 13 13 13 13 13 13 3 3 13 13 13 13 13 13 13 13 13 13 13 13 13 13 13 13 13 13 13 13 13 13 13 13 1 12 12 12 12 12 12 12 12 12 12 12 12 7 12 12 12 12 9 12 12 12 12 12 12 12 12 12 7 12 12 12 12 12 12 12 12 12 12 12 12 12 12 1 13 13 7 7 7 7 7 7 7 7 7 7 7 13 13 13 3 3 0 0 0 0 0 0 0 3 3 3 3 3 3 4 4 4 4 4 4 4 4 4 4 4 4 9 0 0 0 0 0 0 0 0 0 0 0 0 0 0 1 12 12 12 12 12 7 12 12 12 12 12 12 12 7 12 12 12 12 12 12 12 1 1 0 0 3 3 3 3 6 6 6 6 6 6 3 3 3 0 0 0 0 0 0 0 0 0 0 4 
6 6 2 2 2 2 5 5 3 3 13 13 13 13 13 13 13 13 13 13 13 13 3 13 13 13 13 13 13 13 13 13 13 13 13 13 13 13 13 13 13 13 13 13 13 13 13 13 1 12 12 9 12 12 12 9 7 7 7 7 7 7 12 12 12 12 7 12 12 12 12 12 12 12 12 12 7 12 12 12 12 12 12 12 12 12 12 12 12 12 12 1 13 13 13 13 13 13 13 13 13 13 13 13 7 7 7 13 13 3 3 3 3 3 3 3 3 3 13 13 13 13 3 3 3 3 3 3 3 3 3 4 4 4 4 3 0 0 0 0 0 0 0 0 0 0 0 0 0 0 1 1 12 12 12 12 7 7 7 7 7 7 7 7 7 12 12 12 12 12 12 12 12 1 0 0 0 0 0 3 3 3 6 6 6 6 6 6 3 3 3 0 0 0 0 0 0 0 0 4 
6 6 2 2 2 2 5 5 3 13 13 13 13 13 13 13 1 1 1 1 1 1 11 1 1 1 1 13 13 13 13 13 13 13 13 13 13 13 13 13 13 13 13 13 13 13 13 1 1 12 12 7 12 12 12 12 12 12 12 12 12 7 12 12 12 12 7 12 12 12 12 12 12 12 12 12 7 7 9 12 12 12 12 12 12 12 12 12 12 12 12 1 13 13 13 13 13 13 13 13 13 13 13 13 13 13 7 7 7 7 7 7 7 7 7 7 13 13 13 13 13 13 13 13 13 13 13 13 13 13 13 13 13 13 13 7 7 7 7 7 7 0 0 0 0 0 0 0 3 3 3 1 12 12 12 12 12 12 12 12 12 12 12 12 7 12 12 7 7 7 7 9 12 1 1 0 0 0 0 0 3 3 3 3 3 6 6 6 6 6 3 3 3 0 0 0 0 0 0 4 
6 6 2 2 2 2 5 5 3 13 13 13 13 13 13 13 1 9 12 12 12 7 7 7 12 12 1 13 13 13 13 13 13 13 13 13 13 13 13 13 13 13 13 13 13 13 13 1 12 12 12 7 7 12 12 12 12 12 12 12 12 7 12 12 12 12 7 12 12 12 12 12 7 7 7 7 7 7 7 7 12 12 12 12 12 12 12 12 12 12 1 1 13 13 13 13 13 13 13 13 13 13 13 13 13 13 13 13 13 13 13 13 13 13 13 7 13 13 13 13 13 13 13 13 13 13 13 13 13 13 13 13 13 7 7 7 13 13 3 3 7 7 7 7 3 3 3 3 3 13 13 1 1 12 12 12 12 12 12 12 12 12 12 12 7 12 12 7 12 12 12 12 12 12 1 0 0 0 0 0 0 0 0 0 3 6 6 6 6 6 6 6 3 3 0 0 0 0 0 4 
6 2 2 2 2 5 5 5 3 13 13 13 13 13 13 13 1 7 12 12 12 7 7 7 9 12 1 13 13 13 13 13 13 13 13 13 13 13 13 13 13 13 13 13 13 13 1 1 12 12 12 12 7 12 12 12 7 7 7 7 7 7 7 7 7 7 7 7 7 7 7 7 7 12 12 12 12 12 12 7 7 12 12 12 12 12 12 12 12 12 1 13 13 13 13 13 13 13 13 13 13 13 13 13 13 13 13 13 13 13 13 13 13 13 13 7 7 7 7 7 7 7 7 7 7 7 7 7 7 7 7 7 7 7 13 13 13 13 13 13 3 3 3 7 7 7 7 13 13 13 13 13 1 12 12 12 12 12 7 7 7 7 7 7 7 7 7 7 12 12 12 12 12 12 1 0 0 0 0 0 0 0 0 0 0 3 3 3 3 3 6 6 6 3 3 3 0 0 0 4 
6 2 2 2 2 5 5 5 3 13 13 13 13 13 13 13 1 7 12 12 12 7 7 7 12 12 1 13 13 13 13 13 13 13 13 13 13 13 13 13 13 13 13 13 13 13 1 12 12 12 12 9 7 7 7 7 7 12 12 12 12 7 12 8 8 8 8 8 12 7 12 12 12 12 12 12 12 12 12 12 7 7 7 7 7 9 12 12 12 1 1 13 13 13 13 13 13 13 13 13 13 13 13 13 13 13 13 13 13 13 13 13 13 13 13 13 13 13 13 13 13 13 13 13 13 13 13 13 13 13 13 13 13 13 13 13 13 13 13 13 13 13 13 13 13 13 7 7 7 7 7 7 11 7 7 7 7 7 7 12 12 12 12 12 7 12 12 7 7 7 9 12 12 12 1 0 0 0 0 0 0 0 0 0 0 0 0 0 0 3 3 6 6 6 6 3 0 0 0 4 
6 2 2 2 2 5 5 5 3 13 13 13 13 13 13 13 1 7 7 12 9 7 7 7 7 12 1 13 13 13 13 13 13 13 13 13 13 13 13 13 13 13 13 13 13 13 1 12 12 12 12 12 12 12 12 12 7 12 12 12 12 7 12 8 8 8 8 8 12 7 12 12 12 12 12 12 12 12 12 12 12 12 12 12 12 12 12 1 1 1 13 13 13 13 13 13 13 13 13 13 13 13 13 13 13 13 13 13 13 13 13 13 13 13 13 13 13 13 13 13 13 13 13 13 13 13 13 13 13 13 13 13 13 13 13 13 13 13 13 13 13 13 13 13 13 13 13 13 13 13 13 13 1 1 9 12 12 12 9 12 12 12 12 12 9 12 12 12 12 12 12 12 12 12 1 9 0 0 0 0 0 0 0 0 0 0 0 0 0 0 3 6 6 6 6 3 3 0 0 4 
6 2 2 2 2 5 5 5 3 13 13 13 13 13 13 13 1 9 7 7 7 7 7 7 9 12 1 13 13 13 13 13 13 13 13 13 13 13 13 13 13 13 13 13 13 13 1 12 12 12 12 12 12 12 12 12 7 12 12 12 12 7 12 8 8 8 8 8 12 7 12 12 12 12 12 12 12 12 12 12 12 12 12 12 12 1 1 1 13 13 13 13 13 13 13 9 4 4 4 4 4 4 4 13 13 13 13 13 13 13 13 13 13 13 13 13 13 13 13 13 13 4 4 13 13 13 13 13 13 13 13 13 13 13 13 13 13 13 4 4 4 4 9 13 13 13 13 13 13 13 13 13 1 1 1 1 12 12 12 12 12 12 12 12 12 12 12 12 12 1 1 1 1 1 1 3 3 0 0 0 0 0 0 0 0 0 0 0 0 0 3 3 3 6 6 6 3 3 0 4 
6 2 2 2 2 5 5 3 3 3 13 13 13 13 13 13 1 1 1 1 1 1 1 1 1 1 1 13 13 13 13 13 13 13 13 13 13 13 13 13 13 13 13 13 13 13 1 12 12 12 12 12 12 12 12 12 7 12 12 12 12 9 12 12 12 12 12 12 12 7 12 12 12 12 12 12 12 12 12 12 12 12 12 1 1 1 13 13 13 13 13 13 13 13 13 4 4 4 4 4 4 4 4 4 4 4 4 13 13 13 13 13 13 13 13 13 13 13 13 4 4 4 4 4 4 4 13 13 13 13 13 13 13 13 4 4 4 4 4 4 4 4 4 4 13 13 13 13 13 13 13 13 13 13 13 1 1 1 1 1 1 1 1 1 1 1 1 1 1 1 13 13 13 13 13 3 3 3 0 0 0 0 0 0 0 0 0 0 0 0 0 0 3 3 6 6 3 3 0 4 
6 6 2 2 2 5 5 5 3 3 13 13 13 13 13 13 13 13 13 13 13 13 13 13 13 13 13 13 13 13 13 13 13 13 13 13 13 13 13 13 13 13 13 13 13 13 1 1 1 12 12 12 12 12 12 12 9 12 12 12 12 12 12 12 12 12 12 12 12 9 12 12 12 12 12 12 12 12 12 1 1 1 1 1 13 13 13 13 13 13 13 13 13 13 13 4 4 4 4 4 4 4 4 4 4 4 4 13 13 13 13 13 13 13 13 4 4 4 4 4 4 4 4 4 4 4 4 13 13 13 13 13 13 13 13 4 4 4 4 4 4 4 4 13 13 13 13 13 13 13 13 13 13 13 13 13 13 13 13 13 13 13 13 13 13 13 13 13 13 13 13 13 13 13 13 13 13 3 3 3 3 3 3 3 3 3 0 0 0 0 0 0 0 3 3 6 6 3 3 4 
6 6 2 2 2 5 5 5 3 3 13 13 13 13 13 13 13 13 13 13 13 13 13 13 13 13 13 13 13 13 9 13 13 13 13 13 13 13 13 13 13 13 13 13 13 13 13 13 1 1 1 12 12 12 12 12 12 12 12 12 12 12 12 12 12 12 12 12 12 12 12 12 12 12 12 1 1 1 1 1 13 13 13 13 13 13 13 13 13 13 13 13 13 13 13 13 4 4 4 4 4 4 4 4 4 4 9 13 13 13 13 13 13 13 13 4 4 4 4 4 4 4 4 4 4 4 4 4 13 13 13 13 13 13 13 4 4 4 4 4 4 9 13 13 13 13 13 13 13 13 13 13 13 13 13 13 13 13 13 13 13 13 13 13 13 13 13 13 13 13 13 13 13 13 13 13 13 13 13 13 13 3 3 3 3 3 3 0 0 0 0 0 9 0 3 6 6 6 3 4 
6 6 6 6 6 5 5 5 3 13 13 13 13 13 13 13 13 13 13 13 13 13 13 13 13 13 13 13 13 13 13 13 13 13 13 13 13 13 13 13 13 13 13 13 13 13 13 13 13 13 1 1 1 1 1 1 1 1 1 1 1 1 1 1 1 1 1 1 1 1 1 1 1 1 1 1 13 13 13 13 13 13 13 13 13 13 13 13 13 13 13 13 13 13 13 13 13 13 13 13 13 13 13 13 13 13 13 13 13 13 13 13 13 13 4 9 13 13 13 13 13 13 13 13 13 13 13 13 13 13 13 13 13 13 13 13 13 13 13 13 13 13 13 13 13 13 13 13 13 13 13 13 13 13 13 13 13 13 13 13 13 13 13 13 13 13 13 13 13 13 13 13 13 13 13 13 13 13 13 13 13 13 13 13 13 13 3 3 0 0 0 0 0 0 3 3 6 6 6 4 
6 6 6 6 6 1 1 1 1 1 1 1 1 1 1 1 1 1 1 1 1 1 1 1 1 1 1 1 1 1 1 1 1 1 1 1 1 1 1 1 1 1 1 1 1 1 1 1 1 1 1 1 1 1 1 1 1 1 1 1 1 1 1 1 1 1 1 1 1 1 1 1 1 1 1 1 1 1 1 1 1 1 1 1 1 1 1 1 1 1 1 1 1 1 1 1 1 1 1 1 1 1 1 1 1 1 1 1 1 1 1 1 1 1 1 1 1 1 1 1 1 1 1 1 1 1 1 1 1 1 1 1 1 1 1 1 1 1 1 1 1 1 1 1 1 1 1 1 1 1 1 1 1 1 1 1 1 1 1 1 1 1 1 1 1 1 1 1 1 1 1 1 1 1 1 1 1 1 1 1 1 1 1 1 1 1 1 1 1 1 1 1 1 1 1 1 1 6 6 6
